9.57810046118e-07
1.21329047231e-06
9.20404108835e-07
1.62178533247e-06
1.37911228021e-06
1.58220475998e-06
9.71227455636e-07
1.62178533247e-06
1.37911228019e-06
1.2617514908e-06
1.22606869118e-06
1.0066110817e-06
1.22606869118e-06
1.11740706081e-06
1.62178533248e-06
1.26027854269e-06
1.37911228021e-06
8.29916968265e-07
1.26027854269e-06
1.11740706081e-06
1.58220475998e-06
1.37911228021e-06
1.2617514908e-06
1.11740706081e-06
1.49179570802e-06
1.26027854269e-06
1.0066110817e-06
1.26027854269e-06
1.37911228019e-06
1.2617514908e-06
1.37911228021e-06
1.58218864861e-06
1.58218864861e-06
1.26027854269e-06
1.00661084053e-06
9.71236296575e-07
1.2617514908e-06
1.11740706081e-06
1.62178533247e-06
1.22606869118e-06
1.58218864861e-06
9.71236296575e-07
9.44060867375e-07
1.2617514908e-06
8.2991706691e-07
1.22606869118e-06
1.2617514908e-06
1.2617514908e-06
1.37911228021e-06
1.58218864861e-06
9.71236296575e-07
1.58218864861e-06
1.37911228021e-06
1.22606940685e-06
1.07589168664e-06
1.2617514908e-06
1.00661084053e-06
1.26175114493e-06
1.22606869118e-06
1.26027854269e-06
1.26175114493e-06
1.58220475998e-06
1.11740706081e-06
1.07589168664e-06
1.58220475998e-06
1.39479103659e-06
1.0066110817e-06
1.00661084053e-06
8.29916968265e-07
8.29916968265e-07
1.58220475998e-06
1.0758910302e-06
9.71227455636e-07
1.00661084053e-06
1.07589168664e-06
1.39479103659e-06
1.07589168664e-06
1.00661084053e-06
1.58218864861e-06
9.71236296575e-07
9.71236296575e-07
9.71227455636e-07
1.58220475998e-06
1.62178533247e-06
1.07589168664e-06
1.26175114493e-06
1.07589168664e-06
1.22606940685e-06
1.22606869118e-06
1.58218864861e-06
9.44060638243e-07
1.22606869118e-06
1.2617514908e-06
1.58218864861e-06
1.37911228019e-06
1.58218864861e-06
1.22606940685e-06
1.58220475998e-06
1.37911228019e-06
9.71236296575e-07
1.58220475998e-06
1.37911228019e-06
1.39479103659e-06
8.2991706691e-07
8.2991706691e-07
1.37911228021e-06
1.39479848898e-06
1.22606869118e-06
1.22606869118e-06
9.44060867375e-07
1.22606869118e-06
1.07589168664e-06
8.29916968265e-07
1.26175114493e-06
1.22606869118e-06
1.22607347542e-06
9.44060638243e-07
9.44060638243e-07
1.39479848898e-06
9.71236296575e-07
1.39479848898e-06
9.71227455636e-07
1.22606869118e-06
9.44060530474e-07
9.71236296575e-07
8.2991706691e-07
9.71236296575e-07
1.22606869118e-06
1.58220475998e-06
1.78842125957e-06
8.2991706691e-07
1.39479848898e-06
1.22606869118e-06
1.07589168664e-06
9.44060867375e-07
1.58218864861e-06
1.58220475998e-06
1.0758910302e-06
8.29916968265e-07
8.29916968265e-07
1.07589168664e-06
1.39479103659e-06
9.44060867375e-07
1.2617514908e-06
1.58220475998e-06
9.44060638243e-07
1.26175114493e-06
1.58218864861e-06
1.58220475998e-06
8.2991706691e-07
1.58220475998e-06
9.44060867375e-07
9.44060638243e-07
1.22606869118e-06
1.07589168664e-06
1.07589168664e-06
8.29916968265e-07
9.44060867375e-07
1.22606869118e-06
9.71236296575e-07
9.71236296575e-07
1.58220475998e-06
1.58220475998e-06
1.58220475998e-06
1.58218864861e-06
1.22606940685e-06
1.39479103659e-06
9.71236296575e-07
8.29916968265e-07
1.39479103659e-06
1.58220475998e-06
1.00661084053e-06
1.78842125957e-06
9.71236296575e-07
1.07589168664e-06
1.39479848898e-06
8.29916968265e-07
1.07589168664e-06
1.39479103659e-06
1.58220475998e-06
1.62178533248e-06
9.71236296575e-07
9.71236296575e-07
9.71236296575e-07
8.29916968265e-07
8.29916968265e-07
1.00661084053e-06
1.39479848898e-06
1.39479848898e-06
1.62178533247e-06
1.22606869118e-06
9.44060867375e-07
8.29916968265e-07
1.07589168664e-06
9.71227455636e-07
1.22607347542e-06
1.07589168664e-06
1.07589168664e-06
1.07589168664e-06
1.62178533247e-06
1.39479103659e-06
9.71236296575e-07
1.22606869118e-06
1.58220475998e-06
8.2991706691e-07
9.71227455636e-07
8.29916968265e-07
1.62178533247e-06
1.39479103659e-06
1.39479103659e-06
8.2991706691e-07
1.00661084053e-06
8.29916968265e-07
1.58220475998e-06
1.0758910302e-06
1.07589168664e-06
9.44060867375e-07
1.58220475998e-06
9.44060638243e-07
1.07589168664e-06
1.58218864861e-06
9.44060638243e-07
1.58220475998e-06
1.22606940685e-06
1.58220475998e-06
8.29916968265e-07
9.71236296575e-07
1.00661084053e-06
1.07589168664e-06
9.44060867375e-07
1.22606869118e-06
9.71236296575e-07
8.29916968265e-07
1.22607347542e-06
1.39479103659e-06
8.29916968265e-07
1.39479103659e-06
1.22606869118e-06
9.44061031075e-07
8.29916968265e-07
1.39479103659e-06
1.39479103659e-06
9.44060867375e-07
9.44060638243e-07
9.44060638243e-07
1.58220475998e-06
1.07589168664e-06
1.58218864861e-06
1.39479103659e-06
1.22606869118e-06
1.22606940685e-06
1.39479103659e-06
1.78842125957e-06
1.22606869118e-06
1.22606940685e-06
9.44060867375e-07
1.58218864861e-06
9.44060530474e-07
1.39479103659e-06
1.22607347542e-06
9.44060530474e-07
1.62178533248e-06
8.29916968265e-07
1.22606869118e-06
1.07589168664e-06
1.22607347542e-06
1.58218864861e-06
1.0758910302e-06
1.39479103659e-06
1.58220475998e-06
9.44060867375e-07
1.22606869118e-06
1.39479103659e-06
1.39479103659e-06
1.39479848898e-06
1.22606869118e-06
8.29916968265e-07
8.29916968265e-07
9.44061031075e-07
9.44060530474e-07
1.22606869118e-06
1.07589168664e-06
9.71236296575e-07
1.58220475998e-06
1.07589168664e-06
1.62178533248e-06
1.58220475998e-06
9.44060867375e-07
1.58220475998e-06
1.22607347542e-06
1.39479103659e-06
1.78842125957e-06
1.58218864861e-06
1.39479848898e-06
1.39479103659e-06
9.44060867375e-07
1.78842125957e-06
1.22606869118e-06
1.58220475998e-06
1.58220475998e-06
9.44060867375e-07
1.78842125957e-06
1.62178533247e-06
1.22606869118e-06
1.78842125957e-06
1.39479103659e-06
1.39479103659e-06
1.78842125957e-06
1.58220475998e-06
9.71236296575e-07
1.78842125957e-06
1.22606869118e-06
1.58220475998e-06
1.39479103659e-06
1.07589168664e-06
1.39479848898e-06
1.07589168664e-06
1.58220475998e-06
1.22606869118e-06
1.78842125957e-06
1.78842125957e-06
1.07589168664e-06
1.58220475998e-06
1.78842125957e-06
8.2991706691e-07
1.22606940685e-06
1.78842125957e-06
9.71236296575e-07
1.78842125957e-06
1.22607347542e-06
8.2991706691e-07
9.44061031075e-07
1.58220475998e-06
1.78842125957e-06
1.22606869118e-06
1.39479103659e-06
9.44060867375e-07
1.39479103659e-06
1.39479103659e-06
1.78842125957e-06
1.39479848898e-06
1.58220475998e-06
1.22607347542e-06
1.39479848898e-06
1.58220475998e-06
1.39479103659e-06
1.78842125957e-06
1.39479103659e-06
1.58218864861e-06
1.78842125957e-06
1.22606869118e-06
1.58218864861e-06
1.78842125957e-06
1.78842125957e-06
1.58220475998e-06
1.22607347542e-06
1.22607347542e-06
1.39479103659e-06
1.39479103659e-06
9.44060530474e-07
1.58220475998e-06
1.0758910302e-06
1.78842125957e-06
9.44060530474e-07
1.58218864861e-06
1.39479103659e-06
8.29916968265e-07
1.07589168664e-06
1.58218864861e-06
1.78842125957e-06
9.71236296575e-07
1.39479103659e-06
1.39479103659e-06
9.71227455636e-07
1.26175114493e-06
9.44060867375e-07
1.39479103659e-06
9.71236296575e-07
1.58220475998e-06
1.39479103659e-06
1.07589168664e-06
9.71236296575e-07
9.71227455636e-07
1.58220475998e-06
8.29916968265e-07
9.44060530474e-07
1.22606869118e-06
1.22607347542e-06
1.0758910302e-06
1.58218864861e-06
1.58218864861e-06
1.22606869118e-06
9.71236296575e-07
1.07589168664e-06
1.07589168664e-06
1.07589168664e-06
1.58220475998e-06
1.39479103659e-06
8.29916968265e-07
1.39479103659e-06
1.58220475998e-06
1.07589168664e-06
1.07589168664e-06
1.39479103659e-06
9.71227455636e-07
9.44060638243e-07
1.58220475998e-06
9.44060530474e-07
9.71236296575e-07
1.78842125957e-06
8.29916968265e-07
1.22606869118e-06
9.44060530474e-07
1.22606869118e-06
1.78842125957e-06
9.44060867375e-07
1.22606869118e-06
1.39479103659e-06
1.78842125957e-06
1.39479103659e-06
1.22606940685e-06
9.71227455636e-07
8.29916968265e-07
9.44060530474e-07
8.29916968265e-07
1.58220475998e-06
1.78842125957e-06
9.71236296575e-07
1.22606940685e-06
1.58218864861e-06
1.78842125957e-06
1.78842125957e-06
1.58220475998e-06
1.58220475998e-06
1.22606869118e-06
1.58220475998e-06
1.22607347542e-06
1.39479103659e-06
1.26175114493e-06
1.78842125957e-06
1.22607347542e-06
1.07589168664e-06
9.44060530474e-07
8.29916968265e-07
1.39479103659e-06
9.71236296575e-07
1.39479103659e-06
1.07589168664e-06
8.2991706691e-07
8.2991706691e-07
1.58218864861e-06
9.71236296575e-07
9.71236296575e-07
1.39479103659e-06
1.58218864861e-06
1.78842125957e-06
1.78842125957e-06
9.44060867375e-07
1.22606869118e-06
9.44060530474e-07
1.58220475998e-06
1.58220475998e-06
1.58220475998e-06
1.78842125957e-06
8.2991706691e-07
8.29916968265e-07
1.22606869118e-06
1.78842125957e-06
1.78842125957e-06
9.44060530474e-07
9.71236296575e-07
1.22607347542e-06
1.39479103659e-06
1.78842125957e-06
1.22606869118e-06
1.78842125957e-06
1.00661084053e-06
1.62178533248e-06
9.44060530474e-07
1.78842125957e-06
8.2991706691e-07
1.22606869118e-06
1.78842125957e-06
1.58220475998e-06
8.29916968265e-07
1.58218864861e-06
1.58218864861e-06
1.22606940685e-06
1.39479103659e-06
1.22606869118e-06
9.44060867375e-07
9.71227455636e-07
1.0758910302e-06
9.71236296575e-07
9.44060867375e-07
1.78842125957e-06
1.58218864861e-06
9.44060530474e-07
1.78842125957e-06
8.29916968265e-07
8.29916968265e-07
1.58220475998e-06
1.58220475998e-06
9.44060530474e-07
1.2617514908e-06
1.39479848898e-06
9.44060867375e-07
9.44061031075e-07
1.78842125957e-06
1.58220475998e-06
1.58220475998e-06
8.29916968265e-07
8.29916968265e-07
1.39479103659e-06
9.71227455636e-07
1.22606869118e-06
9.44060530474e-07
1.58220475998e-06
9.44060867375e-07
9.44060530474e-07
1.07589168664e-06
8.29916968265e-07
1.07589168664e-06
1.07589168664e-06
9.44060530474e-07
9.44060530474e-07
1.22606869118e-06
1.58220475998e-06
1.78842125957e-06
1.58218864861e-06
1.39479103659e-06
1.22606869118e-06
9.44060638243e-07
9.71227455636e-07
9.44060530474e-07
1.78842125957e-06
8.29916968265e-07
1.39479848898e-06
9.44060638243e-07
1.22606869118e-06
9.44060530474e-07
1.58220475998e-06
1.78842125957e-06
1.58218864861e-06
9.44061031075e-07
8.2991706691e-07
1.62178533248e-06
1.58220475998e-06
1.78842125957e-06
1.58220475998e-06
9.44060530474e-07
1.58220475998e-06
1.58218864861e-06
1.39479848898e-06
9.44060638243e-07
1.22606869118e-06
9.71227455636e-07
1.39479103659e-06
1.78842125957e-06
1.58218864861e-06
8.2991706691e-07
8.29916968265e-07
1.22606869118e-06
9.44060530474e-07
1.58220475998e-06
1.58220475998e-06
1.39479103659e-06
1.22606869118e-06
1.22606869118e-06
1.22606869118e-06
1.07589168664e-06
1.39479103659e-06
1.0758910302e-06
8.2991706691e-07
9.44061031075e-07
1.39479103659e-06
1.58220475998e-06
9.44060867375e-07
1.49179570802e-06
8.2991706691e-07
8.29916968265e-07
1.39479103659e-06
1.78842125957e-06
1.0758910302e-06
1.39479103659e-06
9.44060867375e-07
8.29916968265e-07
1.22606869118e-06
1.58220475998e-06
1.58220475998e-06
1.39479103659e-06
1.58218864861e-06
1.39479103659e-06
9.44060530474e-07
9.44060530474e-07
1.22606869118e-06
1.39479103659e-06
9.44060530474e-07
9.71236296575e-07
1.39479103659e-06
1.39479103659e-06
1.39479103659e-06
8.2991706691e-07
1.58218864861e-06
1.39479103659e-06
1.39479103659e-06
8.29916968265e-07
1.78842125957e-06
9.44060530474e-07
8.29916968265e-07
1.39479103659e-06
1.39479103659e-06
1.58220475998e-06
8.2991706691e-07
1.39479848898e-06
9.44060530474e-07
1.0758910302e-06
9.71227455636e-07
1.22606869118e-06
1.39479103659e-06
1.22606940685e-06
9.44060867375e-07
1.78842125957e-06
1.58220475998e-06
1.07589168664e-06
1.78842125957e-06
1.07589168664e-06
9.44060867375e-07
1.39479848898e-06
8.2991706691e-07
1.22607347542e-06
1.07589168664e-06
1.39479103659e-06
8.2991706691e-07
1.07589168664e-06
9.71236296575e-07
1.58218864861e-06
1.39479103659e-06
1.07589168664e-06
1.39479103659e-06
1.39479103659e-06
1.58220475998e-06
9.71227455636e-07
1.58218864861e-06
1.78842125957e-06
1.39479848898e-06
1.22606940685e-06
1.58218864861e-06
1.39479103659e-06
9.44061031075e-07
9.44060867375e-07
1.78842125957e-06
9.44060530474e-07
1.0758910302e-06
1.22607347542e-06
1.22607347542e-06
1.58220475998e-06
1.39479848898e-06
9.44060867375e-07
1.22607347542e-06
1.39479848898e-06
8.29916968265e-07
1.39479103659e-06
9.44060867375e-07
1.39479103659e-06
9.44061031075e-07
9.44060867375e-07
1.58220475998e-06
8.29916968265e-07
1.58220475998e-06
1.07589168664e-06
1.22606869118e-06
1.22606869118e-06
9.71236296575e-07
1.58220475998e-06
1.58218864861e-06
1.78842125957e-06
8.2991706691e-07
1.39479103659e-06
9.44060530474e-07
9.44060530474e-07
1.58218864861e-06
9.44060867375e-07
1.39479848898e-06
8.2991706691e-07
1.22606869118e-06
1.39479848898e-06
1.58220475998e-06
9.44060867375e-07
9.71236296575e-07
8.29916968265e-07
9.71236296575e-07
8.29916968265e-07
9.44060530474e-07
9.71236296575e-07
9.71236296575e-07
9.71236296575e-07
8.29916968265e-07
1.07589168664e-06
1.22606869118e-06
1.22606869118e-06
1.22606869118e-06
1.58220475998e-06
1.78842125957e-06
9.44060530474e-07
8.29916968265e-07
8.29916968265e-07
1.22606940685e-06
9.44061031075e-07
1.22606940685e-06
1.22606869118e-06
1.58220475998e-06
1.39479848898e-06
1.22606940685e-06
1.22606869118e-06
1.58218864861e-06
8.29916968265e-07
1.58220475998e-06
1.58220475998e-06
1.58220475998e-06
1.22606869118e-06
9.44060867375e-07
9.44060530474e-07
1.39479848898e-06
9.71227455636e-07
8.29916968265e-07
1.22606869118e-06
9.44060530474e-07
1.22606869118e-06
1.58220475998e-06
8.29916968265e-07
9.44060530474e-07
9.44060530474e-07
1.07589168664e-06
1.39479103659e-06
1.58220475998e-06
1.22606869118e-06
1.58220475998e-06
1.22606869118e-06
1.58220475998e-06
1.58220475998e-06
1.22607347542e-06
1.07589168664e-06
1.22606869118e-06
9.71227455636e-07
1.22607347542e-06
1.58220475998e-06
1.39479103659e-06
1.78842125957e-06
9.44061031075e-07
8.2991706691e-07
9.44060530474e-07
1.39479103659e-06
9.44060867375e-07
1.78842125957e-06
1.78842125957e-06
1.07589168664e-06
1.39479848898e-06
1.39479103659e-06
1.58220475998e-06
9.71236296575e-07
9.44060638243e-07
8.29916968265e-07
1.58220475998e-06
1.39479848898e-06
1.58220475998e-06
1.58220475998e-06
9.71227455636e-07
1.58220475998e-06
1.39479103659e-06
9.71236296575e-07
1.22606869118e-06
1.58220475998e-06
8.29916968265e-07
1.62178533248e-06
1.78842125957e-06
1.22606869118e-06
8.29916968265e-07
9.44060867375e-07
9.71236296575e-07
8.29916968265e-07
9.71236296575e-07
9.44060530474e-07
1.58218864861e-06
1.58218864861e-06
1.58220475998e-06
1.58220475998e-06
1.39479103659e-06
8.29916968265e-07
1.22607347542e-06
1.07589168664e-06
1.22606869118e-06
1.39479103659e-06
1.58220475998e-06
1.78842125957e-06
1.58220475998e-06
1.58220475998e-06
9.44061031075e-07
8.29916968265e-07
1.39479103659e-06
8.29916968265e-07
9.44060867375e-07
1.78842125957e-06
1.07589168664e-06
9.71227455636e-07
9.44060867375e-07
1.58218864861e-06
1.39479103659e-06
1.39479848898e-06
1.58220475998e-06
1.62178533248e-06
1.22606869118e-06
1.39479103659e-06
1.58220475998e-06
8.29916968265e-07
1.39479848898e-06
1.07589168664e-06
1.78842125957e-06
8.29916968265e-07
1.22606869118e-06
1.22606940685e-06
1.39479103659e-06
1.78842125957e-06
9.44060530474e-07
8.29916968265e-07
1.07589168664e-06
1.0758910302e-06
8.29916968265e-07
1.22606869118e-06
1.39479848898e-06
9.44061031075e-07
1.22606940685e-06
1.78842125957e-06
8.2991706691e-07
1.39479103659e-06
1.78842125957e-06
1.22606869118e-06
9.44061031075e-07
8.2991706691e-07
8.29916968265e-07
8.29916968265e-07
1.22606869118e-06
1.0758910302e-06
1.0758910302e-06
1.39479103659e-06
1.58220475998e-06
1.07589168664e-06
1.22606869118e-06
1.62178533248e-06
1.07589168664e-06
9.44060530474e-07
1.07589168664e-06
8.29916968265e-07
9.71236296575e-07
1.78842125957e-06
1.58220475998e-06
1.78842125957e-06
1.39479848898e-06
1.58220475998e-06
1.07589168664e-06
1.22606869118e-06
1.0758910302e-06
1.39479103659e-06
1.78842125957e-06
8.29916968265e-07
8.29916968265e-07
1.78842125957e-06
1.39479848898e-06
1.22606869118e-06
1.39479103659e-06
1.22606869118e-06
1.39479103659e-06
1.58218864861e-06
1.78842125957e-06
1.58220475998e-06
1.58220475998e-06
1.39479103659e-06
1.78842125957e-06
1.22606940685e-06
1.78842125957e-06
1.78842125957e-06
1.58218864861e-06
1.58218864861e-06
9.44060530474e-07
1.22606869118e-06
1.39479103659e-06
1.07589168664e-06
1.22606869118e-06
1.07589168664e-06
1.22606869118e-06
8.29916968265e-07
1.22606869118e-06
1.22606869118e-06
1.78842125957e-06
1.0758910302e-06
1.0758910302e-06
1.58220475998e-06
8.29916968265e-07
1.22607347542e-06
1.39479848898e-06
8.29916968265e-07
8.29916968265e-07
1.22606869118e-06
1.07589168664e-06
9.44061031075e-07
1.22606940685e-06
9.44061031075e-07
1.07589168664e-06
9.44060530474e-07
9.44060530474e-07
8.29916968265e-07
1.39479103659e-06
1.39479103659e-06
1.39479103659e-06
1.22606869118e-06
1.22606940685e-06
8.2991706691e-07
1.22607347542e-06
1.78842125957e-06
9.44060638243e-07
1.78842125957e-06
1.39479848898e-06
8.29916968265e-07
1.78842125957e-06
1.78842125957e-06
1.22606869118e-06
1.39479103659e-06
9.44060530474e-07
1.58220475998e-06
1.07589168664e-06
1.58218864861e-06
1.22606869118e-06
1.39479103659e-06
9.44060530474e-07
1.22607347542e-06
1.58220475998e-06
1.39479103659e-06
9.44060530474e-07
1.22606869118e-06
1.22606869118e-06
1.22606869118e-06
1.22606869118e-06
8.29916968265e-07
1.39479103659e-06
1.07589168664e-06
9.71227455636e-07
1.58220475998e-06
8.29916968265e-07
1.07589168664e-06
9.71227455636e-07
1.07589168664e-06
9.44060530474e-07
1.22606869118e-06
1.78842125957e-06
1.39479848898e-06
1.07589168664e-06
1.39479103659e-06
1.39479103659e-06
9.44060867375e-07
9.44060530474e-07
1.58220475998e-06
1.58218864861e-06
1.39479848898e-06
1.78842125957e-06
1.39479103659e-06
1.39479103659e-06
1.07589168664e-06
9.71236296575e-07
9.71236296575e-07
1.39479103659e-06
9.44060530474e-07
1.22606869118e-06
1.58218864861e-06
1.22606869118e-06
9.44060638243e-07
1.58220475998e-06
1.58220475998e-06
1.39479103659e-06
1.39479103659e-06
1.78842125957e-06
1.39479103659e-06
1.39479103659e-06
1.78842125957e-06
1.78842125957e-06
1.39479103659e-06
8.29916968265e-07
8.29916968265e-07
8.29916968265e-07
8.29916968265e-07
1.07589168664e-06
1.78842125957e-06
1.78842125957e-06
1.78842125957e-06
1.22606869118e-06
1.39479103659e-06
9.44060638243e-07
1.2617514908e-06
1.58220475998e-06
1.39479103659e-06
9.44060530474e-07
1.07589168664e-06
1.39479103659e-06
1.58220475998e-06
1.58220475998e-06
9.44060530474e-07
1.39479103659e-06
1.39479848898e-06
1.78842125957e-06
1.58220475998e-06
1.07589168664e-06
1.07589168664e-06
1.22606940685e-06
1.39479103659e-06
1.39479103659e-06
1.58220475998e-06
1.78842125957e-06
1.58220475998e-06
1.58220475998e-06
9.44060530474e-07
1.78842125957e-06
1.39479848898e-06
1.0758910302e-06
1.22607347542e-06
1.58220475998e-06
1.78842125957e-06
9.44061031075e-07
1.58218864861e-06
9.71236296575e-07
1.07589168664e-06
1.78842125957e-06
1.39479103659e-06
1.22606869118e-06
9.71236296575e-07
8.29916968265e-07
1.22606940685e-06
8.2991706691e-07
8.29916968265e-07
1.78842125957e-06
9.44061031075e-07
9.44060867375e-07
1.07589168664e-06
9.44060530474e-07
9.44061031075e-07
1.58218864861e-06
1.22606940685e-06
1.39479103659e-06
1.39479103659e-06
9.44060530474e-07
1.22606940685e-06
1.58218864861e-06
1.78842125957e-06
8.2991706691e-07
1.78842125957e-06
9.44060530474e-07
1.58218864861e-06
1.2617514908e-06
8.2991706691e-07
9.44060530474e-07
1.07589168664e-06
8.29916968265e-07
1.22606869118e-06
1.39479103659e-06
1.07589168664e-06
1.78842125957e-06
9.44060530474e-07
1.78842125957e-06
1.39479848898e-06
8.2991706691e-07
8.29916968265e-07
1.78842125957e-06
1.78842125957e-06
1.2617514908e-06
1.22606869118e-06
1.0758910302e-06
9.44060530474e-07
1.39479103659e-06
1.39479103659e-06
1.07589168664e-06
1.58218864861e-06
1.07589168664e-06
1.22606869118e-06
1.58220475998e-06
9.44060638243e-07
1.39479103659e-06
9.44060867375e-07
8.2991706691e-07
9.44060530474e-07
1.39479103659e-06
1.39479103659e-06
1.39479103659e-06
1.58220475998e-06
9.71236296575e-07
9.44061031075e-07
1.58218864861e-06
1.39479848898e-06
1.22606869118e-06
9.44060530474e-07
1.22606869118e-06
1.78842125957e-06
1.78842125957e-06
1.07589168664e-06
1.58220475998e-06
8.29916968265e-07
1.39479103659e-06
9.44060638243e-07
1.39479103659e-06
1.22606940685e-06
1.39479103659e-06
1.39479103659e-06
1.39479103659e-06
1.39479103659e-06
1.78842125957e-06
1.22606869118e-06
9.44061031075e-07
1.78842125957e-06
1.58220475998e-06
1.78842125957e-06
9.71236296575e-07
9.71236296575e-07
1.22607347542e-06
1.58218864861e-06
1.07589168664e-06
1.78842125957e-06
1.39479848898e-06
9.44060530474e-07
1.22606869118e-06
1.78842125957e-06
1.22606869118e-06
8.29916968265e-07
9.44060867375e-07
1.22606869118e-06
8.29916968265e-07
1.22606869118e-06
1.39479848898e-06
1.39479103659e-06
1.39479103659e-06
1.39479103659e-06
1.39479103659e-06
1.58218864861e-06
1.22606940685e-06
9.71236296575e-07
1.22607347542e-06
1.0758910302e-06
9.44060530474e-07
8.2991706691e-07
9.44061031075e-07
1.0758910302e-06
1.0758910302e-06
1.58220475998e-06
1.22606869118e-06
1.22606869118e-06
1.58218864861e-06
1.39479103659e-06
1.58220475998e-06
1.22607347542e-06
1.0758910302e-06
1.39479103659e-06
1.22606869118e-06
9.44061031075e-07
1.78842125957e-06
1.22607347542e-06
1.39479103659e-06
1.39479103659e-06
1.07589168664e-06
1.78842125957e-06
9.71227455636e-07
1.39479103659e-06
8.29916968265e-07
8.2991706691e-07
1.22606940685e-06
9.71236296575e-07
9.71236296575e-07
1.78842125957e-06
8.29916968265e-07
8.29916968265e-07
1.39479103659e-06
1.39479103659e-06
9.44060530474e-07
1.78842125957e-06
1.22606869118e-06
1.39479103659e-06
1.39479103659e-06
1.78842125957e-06
1.78842125957e-06
1.07589168664e-06
8.29916968265e-07
8.29916968265e-07
9.44060530474e-07
1.22606869118e-06
1.78842125957e-06
1.39479848898e-06
8.2991706691e-07
9.44060530474e-07
8.29916968265e-07
1.58218864861e-06
1.22607347542e-06
8.2991706691e-07
1.39479848898e-06
8.29916968265e-07
1.22606869118e-06
1.22606869118e-06
1.22606869118e-06
1.39479848898e-06
1.78842125957e-06
1.78842125957e-06
8.29916968265e-07
8.29916968265e-07
8.29916968265e-07
9.71236296575e-07
1.39479103659e-06
1.58220475998e-06
1.22606869118e-06
1.22607347542e-06
1.39479103659e-06
8.29916968265e-07
9.44060530474e-07
1.78842125957e-06
1.07589168664e-06
1.39479103659e-06
9.44060530474e-07
1.07589168664e-06
1.78842125957e-06
9.44060530474e-07
1.22606869118e-06
1.58220475998e-06
1.39479103659e-06
9.44060530474e-07
9.44060530474e-07
9.44060530474e-07
1.39479103659e-06
1.39479848898e-06
1.78842125957e-06
9.44061031075e-07
8.2991706691e-07
8.2991706691e-07
1.39479103659e-06
1.39479103659e-06
1.07589168664e-06
9.71236296575e-07
1.39479103659e-06
8.2991706691e-07
1.07589168664e-06
1.78842125957e-06
1.78842125957e-06
1.39479103659e-06
9.44060530474e-07
1.39479103659e-06
1.22606940685e-06
1.07589168664e-06
1.07589168664e-06
1.78842125957e-06
1.07589168664e-06
1.39479103659e-06
9.71236296575e-07
9.44060867375e-07
1.62178533247e-06
1.39479103659e-06
1.07589168664e-06
1.39479103659e-06
1.22606869118e-06
1.58220475998e-06
1.39479103659e-06
1.0758910302e-06
8.29916968265e-07
1.39479103659e-06
1.78842125957e-06
1.22606869118e-06
8.29916968265e-07
1.58218864861e-06
1.0758910302e-06
1.22607347542e-06
1.22606940685e-06
1.78842125957e-06
1.39479103659e-06
1.07589168664e-06
9.44060530474e-07
1.22606940685e-06
9.44060867375e-07
9.44060530474e-07
1.39479103659e-06
1.22607347542e-06
1.0758910302e-06
1.07589168664e-06
1.39479103659e-06
1.78842125957e-06
1.39479103659e-06
9.44060530474e-07
1.22606869118e-06
1.39479103659e-06
1.58220475998e-06
9.44060530474e-07
9.44060530474e-07
1.39479103659e-06
9.44060530474e-07
8.29916968265e-07
1.0758910302e-06
9.44060530474e-07
1.22606869118e-06
1.39479103659e-06
1.22607347542e-06
1.78842125957e-06
1.07589168664e-06
1.39479103659e-06
1.78842125957e-06
1.58220475998e-06
1.0758910302e-06
9.44060530474e-07
1.22606869118e-06
1.58220475998e-06
1.62178533247e-06
1.22606869118e-06
1.58220475998e-06
9.44060530474e-07
9.44060530474e-07
1.39479103659e-06
9.71227455636e-07
1.07589168664e-06
9.44060530474e-07
8.2991706691e-07
1.78842125957e-06
1.58218864861e-06
1.78842125957e-06
1.78842125957e-06
1.39479848898e-06
1.07589168664e-06
1.22606869118e-06
1.39479103659e-06
1.58220475998e-06
1.78842125957e-06
9.44060530474e-07
1.58220475998e-06
1.07589168664e-06
9.44060530474e-07
1.39479103659e-06
1.22606869118e-06
1.39479103659e-06
1.22606869118e-06
1.78842125957e-06
9.44060530474e-07
1.39479103659e-06
1.22606869118e-06
1.58220475998e-06
1.39479103659e-06
9.71236296575e-07
1.22607347542e-06
1.0758910302e-06
1.39479103659e-06
1.07589168664e-06
1.22606869118e-06
8.29916968265e-07
