9.59510867974e-07
1.1853933235e-06
9.38817511943e-07
1.31352607199e-06
1.1853933235e-06
1.28840149097e-06
9.38818076383e-07
1.31352607199e-06
1.1853933235e-06
1.11251060882e-06
1.08987381226e-06
9.59510867974e-07
1.08987381226e-06
1.02304258901e-06
1.31352607199e-06
1.11275689505e-06
1.1853933235e-06
8.49382360376e-07
1.11275689505e-06
1.02304258901e-06
1.28840149097e-06
1.1853933235e-06
1.11251060882e-06
1.02304258901e-06
1.2476424643e-06
1.11275689505e-06
9.59510867974e-07
1.11275689505e-06
1.1853933235e-06
1.11251060882e-06
1.1853933235e-06
1.28840219792e-06
1.28840219792e-06
1.11275689505e-06
9.59513954288e-07
9.38817511943e-07
1.11251060882e-06
1.02304258901e-06
1.31352607199e-06
1.08987381226e-06
1.1853933235e-06
1.11251060882e-06
1.02304258901e-06
9.38817511943e-07
9.22094932125e-07
8.49382410521e-07
8.49382410521e-07
8.49382410521e-07
8.49382410521e-07
8.49382410521e-07
8.49382410521e-07
8.49382410521e-07
8.49382410521e-07
8.49382410521e-07
9.59510867974e-07
1.1853933235e-06
9.38817511943e-07
1.31352607199e-06
1.1853933235e-06
1.28840149097e-06
9.38818076383e-07
1.31352607199e-06
1.1853933235e-06
1.11251060882e-06
1.08987381226e-06
9.59510867974e-07
1.08987381226e-06
1.02304258901e-06
1.31352607199e-06
1.11275689505e-06
1.1853933235e-06
8.49382360376e-07
1.11275689505e-06
1.02304258901e-06
1.28840149097e-06
1.1853933235e-06
1.11251060882e-06
1.02304258901e-06
1.2476424643e-06
1.11275689505e-06
9.59510867974e-07
1.11275689505e-06
1.1853933235e-06
1.11251060882e-06
1.1853933235e-06
1.28840219792e-06
1.28840219792e-06
1.11275689505e-06
9.59513954288e-07
9.38817511943e-07
1.11251060882e-06
1.02304258901e-06
1.31352607199e-06
1.08987381226e-06
1.1853933235e-06
1.11251060882e-06
1.02304258901e-06
9.38817511943e-07
9.22094932125e-07
8.49382410521e-07
1.11250941842e-06
9.22094989277e-07
1.28840219792e-06
9.59513954288e-07
9.38817511943e-07
1.11251060882e-06
1.02304258901e-06
1.11251060882e-06
9.38817511943e-07
1.08987381226e-06
1.08987381226e-06
1.08987452593e-06
9.59510867974e-07
1.28840219792e-06
9.38818076383e-07
8.49382410521e-07
1.1853933235e-06
1.28840149098e-06
1.08987381226e-06
1.11251060882e-06
1.00216499395e-06
9.59513954288e-07
9.38817511943e-07
9.59510867974e-07
1.28840219792e-06
1.31352607199e-06
1.28840149097e-06
8.49382360376e-07
1.08987381226e-06
1.18530294169e-06
9.22094989277e-07
1.02304258901e-06
1.18530294169e-06
1.00216499395e-06
1.08987452593e-06
1.08987452593e-06
1.28840219792e-06
1.08987452593e-06
1.31352607199e-06
9.22094932125e-07
1.28840149097e-06
1.11251060882e-06
1.18530294169e-06
1.28840219792e-06
1.28840219792e-06
1.28840219792e-06
9.38818076383e-07
1.11251060882e-06
1.00216499395e-06
1.00216499395e-06
9.38818076383e-07
1.08987452593e-06
1.08987381226e-06
1.08987381226e-06
9.38817511943e-07
9.38817511943e-07
1.28840219792e-06
9.38817511943e-07
1.31352607199e-06
1.00216499395e-06
1.02304258901e-06
1.02304258901e-06
1.08987381226e-06
1.28840219792e-06
9.59510867974e-07
9.22094932125e-07
1.28840219792e-06
1.02304258901e-06
8.49382360376e-07
1.28840219792e-06
1.28840149097e-06
1.18530294169e-06
1.18530294169e-06
1.08987381226e-06
1.28840149097e-06
1.18530294169e-06
1.18531269752e-06
9.22094932125e-07
9.38818076383e-07
1.08987452593e-06
9.22094989277e-07
1.28840219792e-06
1.28840149097e-06
1.28840219792e-06
1.28840149097e-06
1.08987381226e-06
1.08987381226e-06
9.22094989277e-07
1.18530294169e-06
1.00216499395e-06
1.11251060882e-06
9.22094927236e-07
1.00216499395e-06
1.08987381226e-06
1.00216499395e-06
1.00216499395e-06
1.08987381226e-06
1.08987381226e-06
1.00216630351e-06
1.08987381226e-06
1.08987381226e-06
1.08987381226e-06
1.28840219792e-06
1.08987381226e-06
1.28840149097e-06
1.28840219792e-06
1.08987381226e-06
1.08987381226e-06
1.08987381226e-06
9.22094932125e-07
1.18530294169e-06
1.00216499395e-06
1.28840219792e-06
1.28840149097e-06
1.18530294169e-06
1.28840149097e-06
1.08987381226e-06
1.08987381226e-06
1.00216630351e-06
1.00216630351e-06
1.08987381226e-06
1.18531269752e-06
1.08987452593e-06
1.28840149097e-06
1.08987381226e-06
1.08987452593e-06
1.28840149097e-06
1.00216499395e-06
1.11251060882e-06
1.08987381226e-06
1.08987381226e-06
1.00216499395e-06
1.08987381226e-06
1.00216499395e-06
1.08987381226e-06
1.28840149098e-06
1.00216499395e-06
1.18531269752e-06
1.08987381226e-06
1.08987381226e-06
1.08987381226e-06
9.22094927236e-07
8.49382360376e-07
9.38818076383e-07
1.28840219792e-06
1.28840219792e-06
1.39871207636e-06
1.18531269752e-06
1.28840219792e-06
1.08987452593e-06
9.22095025459e-07
1.28840149098e-06
1.08987381226e-06
1.28840149098e-06
1.28840149097e-06
1.28840149097e-06
1.18531269752e-06
1.08987381226e-06
1.28840149097e-06
1.08987381226e-06
1.08987381226e-06
1.08987381226e-06
1.39871207635e-06
1.11251060882e-06
1.08987381226e-06
1.11250941842e-06
1.08987381226e-06
1.08987381226e-06
1.00216499395e-06
1.31352607199e-06
9.22094932125e-07
8.49382360376e-07
1.18531269752e-06
1.31352607199e-06
1.00216499395e-06
1.08987381226e-06
1.08987381226e-06
1.08987381226e-06
1.00216499395e-06
1.08987831863e-06
1.08987381226e-06
1.08987381226e-06
1.18530294169e-06
1.08987381226e-06
1.08987381226e-06
9.22094932125e-07
1.08987381226e-06
1.31352607199e-06
1.00216499395e-06
1.08987831863e-06
1.31352607199e-06
1.08987381226e-06
1.08987452593e-06
1.28840219792e-06
1.00216499395e-06
1.18531269752e-06
1.28840219792e-06
1.18530294169e-06
1.28840219792e-06
1.28840149097e-06
1.08987381226e-06
1.08987381226e-06
1.28840149097e-06
1.28840149097e-06
1.08987381226e-06
1.08987381226e-06
1.08987381226e-06
1.08987381226e-06
1.08987381226e-06
1.00216499395e-06
9.38817511943e-07
1.18531269752e-06
1.28840149097e-06
1.08987381226e-06
1.00216499395e-06
1.08987381226e-06
1.39871207635e-06
1.28840149097e-06
1.08987831863e-06
1.08987381226e-06
1.28840219792e-06
1.00216499395e-06
1.28840219792e-06
1.18531269752e-06
1.08987452593e-06
1.28840219792e-06
1.08987381226e-06
1.08987381226e-06
1.08987381226e-06
1.18530294169e-06
1.08987381226e-06
1.00216499395e-06
1.18530294169e-06
1.28840149097e-06
1.00216499395e-06
1.08987381226e-06
1.18530294169e-06
1.18530294169e-06
1.00216499395e-06
1.08987381226e-06
8.49382360376e-07
1.08987381226e-06
1.00216499395e-06
1.08987381226e-06
1.28840149097e-06
1.00216499395e-06
1.08987381226e-06
1.18530294169e-06
9.22094927236e-07
1.28840149097e-06
1.00216499395e-06
1.28840149097e-06
1.18530294169e-06
1.18531269752e-06
9.22094932125e-07
1.00216630351e-06
1.18530294169e-06
1.18531269752e-06
1.08987381226e-06
8.49382360376e-07
1.28840149097e-06
9.22094932125e-07
1.08987831863e-06
1.28840219792e-06
1.39871207636e-06
1.00216499395e-06
8.49382360376e-07
1.08987452593e-06
1.28840219792e-06
1.39871207635e-06
1.28840149097e-06
1.28840149098e-06
1.00216499395e-06
1.28840149097e-06
1.18531269752e-06
1.00216499395e-06
1.00216499395e-06
1.08987831863e-06
1.08987381226e-06
1.08987381226e-06
1.28840149098e-06
1.39871207636e-06
8.49382410521e-07
1.18530294169e-06
1.28840149098e-06
1.00216499395e-06
1.08987381226e-06
1.18530294169e-06
1.39871207635e-06
1.08987381226e-06
1.39871207635e-06
1.18531269752e-06
1.18530294169e-06
9.22094932125e-07
1.08987381226e-06
1.39871207635e-06
1.08987381226e-06
1.08987381226e-06
1.00216499395e-06
1.28840149098e-06
1.08987381226e-06
8.49382410521e-07
1.28840219792e-06
9.22094927236e-07
1.08987381226e-06
1.08987381226e-06
1.08987381226e-06
1.08987381226e-06
8.49382410521e-07
1.08987452593e-06
1.18531269752e-06
1.08987831863e-06
1.00216630351e-06
8.49382410521e-07
1.39871207635e-06
1.39871207635e-06
1.18530294169e-06
1.00216499395e-06
1.18531269752e-06
1.28840149097e-06
1.28840149097e-06
1.00216499395e-06
1.08987381226e-06
1.18530294169e-06
9.22095025459e-07
1.00216499395e-06
1.31352607199e-06
1.39871207636e-06
1.39871207636e-06
1.39871207636e-06
1.00216499395e-06
1.28840219792e-06
1.39871207635e-06
1.08987381226e-06
1.28840149097e-06
1.11251060882e-06
1.08987452593e-06
1.08987381226e-06
1.28840219792e-06
1.28840219792e-06
1.00216499395e-06
1.08987381226e-06
1.28840149097e-06
1.08987381226e-06
8.49382410521e-07
1.08987381226e-06
1.08987381226e-06
1.08987452593e-06
1.28840149097e-06
1.39871207635e-06
1.00216499395e-06
1.28840149098e-06
1.18531269752e-06
1.18531269752e-06
1.28840219792e-06
1.18530294169e-06
1.28840149097e-06
1.28840219792e-06
1.18531269752e-06
1.08987831863e-06
1.08987381226e-06
1.18530294169e-06
1.28840149097e-06
1.39871207635e-06
1.08987381226e-06
1.28840149097e-06
1.08987381226e-06
1.18530294169e-06
1.08987381226e-06
1.11250941841e-06
1.08987381226e-06
1.00216499395e-06
1.08987452593e-06
1.28840219792e-06
1.28840149097e-06
1.39871207635e-06
1.28840149098e-06
1.00216499395e-06
1.28840149097e-06
8.49382360376e-07
9.22094927236e-07
1.18530294169e-06
1.08987381226e-06
1.08987381226e-06
1.39871207635e-06
1.08987381226e-06
1.00216630351e-06
8.49382360376e-07
1.39871207636e-06
1.39871207635e-06
1.39871207635e-06
1.28840149097e-06
1.00216499395e-06
1.08987381226e-06
1.08987831863e-06
1.08987381226e-06
1.39871207635e-06
1.28840219792e-06
1.28840149097e-06
9.22094932125e-07
1.08987452593e-06
1.18530294169e-06
1.28840219792e-06
1.28840219792e-06
1.31352607199e-06
1.08987452593e-06
1.00216499395e-06
1.18531269752e-06
1.18530294169e-06
1.39871207635e-06
1.08987381226e-06
1.08987381226e-06
1.08987381226e-06
1.08987452593e-06
1.00216499395e-06
1.28840149097e-06
1.39871207635e-06
1.08987381226e-06
1.11251060882e-06
1.39871207635e-06
1.08987381226e-06
1.08987452593e-06
8.49382360376e-07
8.49382410521e-07
9.22094927236e-07
1.00216499395e-06
1.00216499395e-06
1.08987381226e-06
1.28840149097e-06
1.28840149097e-06
8.49382360376e-07
1.08987381226e-06
1.28840149097e-06
1.28840149097e-06
1.08987381226e-06
1.39871207635e-06
1.08987831863e-06
1.18531269752e-06
1.28840149097e-06
1.28840149097e-06
8.49382360376e-07
1.28840149097e-06
8.49382360376e-07
1.31352607199e-06
1.11251060882e-06
9.22094932125e-07
1.18530294169e-06
1.39871207635e-06
1.28840149097e-06
8.49382360376e-07
9.38817511943e-07
1.18531269752e-06
1.39871207635e-06
1.28840219792e-06
1.18530294169e-06
1.28840149098e-06
1.00216499395e-06
1.00216499395e-06
1.08987381226e-06
1.08987831863e-06
9.22094927236e-07
8.49382360376e-07
1.08987831863e-06
8.49382360376e-07
1.39871207635e-06
8.49382360376e-07
9.22094932125e-07
1.28840219792e-06
1.39871207635e-06
1.39871207635e-06
1.28840149097e-06
1.18530294169e-06
1.08987831863e-06
1.00216499395e-06
1.00216499395e-06
1.28840219792e-06
1.39871207635e-06
1.39871207635e-06
1.18530294169e-06
1.18530294169e-06
8.49382360376e-07
1.39871207635e-06
1.00216630351e-06
8.49382360376e-07
1.00216499395e-06
1.28840149097e-06
1.00216499395e-06
1.08987831863e-06
1.18530294169e-06
1.08987452593e-06
8.49382410521e-07
9.22095025459e-07
9.22094927236e-07
1.39871207635e-06
1.39871207635e-06
1.08987381226e-06
1.28840149097e-06
1.39871207636e-06
1.08987831863e-06
1.28840219792e-06
1.18530294169e-06
1.11250941841e-06
8.49382410521e-07
1.08987452593e-06
9.22094932125e-07
8.49382360376e-07
1.39871207636e-06
1.28840219792e-06
1.28840149097e-06
1.39871207635e-06
1.00216630351e-06
9.22094927236e-07
1.08987381226e-06
8.49382360376e-07
8.49382410521e-07
1.00216499395e-06
8.49382410521e-07
1.39871207636e-06
1.11251060882e-06
1.08987831863e-06
1.00216499395e-06
1.08987452593e-06
9.22094932125e-07
1.08987381226e-06
9.22094927236e-07
9.22095025459e-07
1.39871207635e-06
1.28840149097e-06
1.28840149097e-06
8.49382360376e-07
1.18530294169e-06
1.18531269752e-06
1.39871207635e-06
1.08987381226e-06
1.18530294169e-06
1.18531269752e-06
1.39871207636e-06
1.08987381226e-06
1.28840149097e-06
1.28840219792e-06
1.00216499395e-06
1.18531269752e-06
1.39871207635e-06
1.08987831863e-06
9.22095025459e-07
1.39871207636e-06
9.22094989277e-07
1.08987381226e-06
1.18530294169e-06
1.08987381226e-06
1.11250941841e-06
8.49382410521e-07
1.39871207635e-06
1.28840149097e-06
8.49382360376e-07
1.08987831863e-06
1.00216630351e-06
1.08987831863e-06
1.00216499395e-06
1.39871207635e-06
8.49382360376e-07
1.39871207635e-06
1.39871207635e-06
1.08987381226e-06
1.18531269752e-06
1.00216499395e-06
1.00216499395e-06
9.22094932125e-07
1.28840149097e-06
8.49382360376e-07
1.08987381226e-06
1.28840149097e-06
1.28840149097e-06
1.28840149098e-06
1.18530294169e-06
1.39871207636e-06
9.22094927236e-07
1.00216499395e-06
1.08987381226e-06
1.39871207635e-06
8.49382360376e-07
1.39871207636e-06
1.39871207635e-06
1.28840149097e-06
1.39871207636e-06
1.18530294169e-06
1.39871207636e-06
1.08987381226e-06
1.39871207635e-06
1.18531269752e-06
1.11250941841e-06
1.28840149097e-06
1.28840149097e-06
9.22094989277e-07
1.28840219792e-06
9.22095025459e-07
1.00216499395e-06
1.08987381226e-06
1.39871207635e-06
1.18531269752e-06
1.00216499395e-06
1.08987452593e-06
8.49382360376e-07
1.28840149098e-06
1.08987381226e-06
1.08987381226e-06
1.39871207635e-06
1.18530294169e-06
1.28840149098e-06
1.08987452593e-06
1.28840149098e-06
1.18530294169e-06
1.00216499395e-06
9.22094989277e-07
1.00216499395e-06
9.38818076383e-07
9.22094927236e-07
1.39871207636e-06
1.08987381226e-06
1.08987381226e-06
1.00216499395e-06
1.18531269752e-06
1.18531269752e-06
1.28840219792e-06
1.39871207635e-06
1.00216499395e-06
1.31352607199e-06
1.08987381226e-06
1.28840219792e-06
1.28840149098e-06
1.08987452593e-06
1.08987381226e-06
1.08987381226e-06
1.08987381226e-06
1.28840219792e-06
1.28840219792e-06
1.00216630351e-06
9.22094932125e-07
1.08987381226e-06
1.39871207635e-06
1.39871207636e-06
1.28840219792e-06
1.00216499395e-06
1.28840149097e-06
8.49382410521e-07
1.08987452593e-06
1.00216499395e-06
1.28840149097e-06
1.28840149097e-06
1.39871207635e-06
1.18530294169e-06
1.39871207635e-06
8.49382360376e-07
8.49382410521e-07
1.18530294169e-06
1.39871207635e-06
1.00216499395e-06
1.28840219792e-06
1.08987452593e-06
8.49382410521e-07
8.49382410521e-07
1.00216499395e-06
8.49382360376e-07
1.18531269752e-06
1.39871207636e-06
1.18531269752e-06
1.08987381226e-06
1.00216499395e-06
1.08987381226e-06
8.49382360376e-07
1.00216499395e-06
1.08987381226e-06
1.08987381226e-06
1.00216499395e-06
1.18531269752e-06
1.08987381226e-06
1.08987452593e-06
1.18530294169e-06
1.08987452593e-06
1.28840219792e-06
8.49382360376e-07
9.22094932125e-07
1.00216499395e-06
1.00216499395e-06
8.49382360376e-07
8.49382360376e-07
1.39871207635e-06
1.39871207635e-06
9.22095025459e-07
8.49382410521e-07
1.39871207635e-06
9.22094989277e-07
8.49382360376e-07
8.49382360376e-07
1.39871207635e-06
1.18530294169e-06
1.39871207635e-06
1.28840149097e-06
1.00216499395e-06
1.00216499395e-06
1.08987381226e-06
8.49382360376e-07
1.39871207635e-06
1.08987381226e-06
9.22094932125e-07
1.39871207635e-06
9.22094932125e-07
8.49382360376e-07
1.28840149097e-06
9.22094932125e-07
1.08987381226e-06
1.08987452593e-06
1.39871207635e-06
1.28840219792e-06
1.08987452593e-06
1.39871207635e-06
1.08987381226e-06
1.39871207635e-06
1.00216499395e-06
1.08987381226e-06
1.08987831863e-06
1.00216499395e-06
1.39871207636e-06
1.28840219792e-06
1.39871207635e-06
1.28840149098e-06
9.22094927236e-07
1.00216499395e-06
8.49382360376e-07
1.08987381226e-06
1.28840149097e-06
1.28840149097e-06
8.49382410521e-07
1.39871207635e-06
1.39871207635e-06
1.00216499395e-06
9.22094989277e-07
1.08987381226e-06
1.18530294169e-06
1.39871207635e-06
1.00216499395e-06
8.49382360376e-07
1.18530294169e-06
1.08987381226e-06
9.22094989277e-07
9.22094927236e-07
1.39871207636e-06
1.08987381226e-06
1.08987381226e-06
1.18530294169e-06
1.00216499395e-06
1.39871207635e-06
1.39871207635e-06
9.38818076383e-07
1.39871207635e-06
1.28840149097e-06
8.49382360376e-07
1.11251060882e-06
1.00216499395e-06
1.08987381226e-06
8.49382360376e-07
1.18531269752e-06
1.18530294169e-06
1.08987381226e-06
1.08987381226e-06
9.22094932125e-07
1.39871207635e-06
1.08987381226e-06
8.49382360376e-07
1.28840149098e-06
1.08987381226e-06
1.08987381226e-06
1.39871207635e-06
1.18530294169e-06
1.39871207635e-06
1.39871207635e-06
1.08987381226e-06
9.22095025459e-07
1.39871207635e-06
8.49382360376e-07
8.49382360376e-07
9.22094932125e-07
1.39871207636e-06
1.08987381226e-06
9.38818076383e-07
1.18530294169e-06
1.18530294169e-06
1.08987381226e-06
1.39871207635e-06
1.18530294169e-06
1.08987831863e-06
1.28840219792e-06
8.49382360376e-07
8.49382360376e-07
1.18531269752e-06
1.00216630351e-06
1.39871207635e-06
8.49382360376e-07
1.00216499395e-06
1.00216499395e-06
8.49382360376e-07
1.18531269752e-06
1.08987381226e-06
8.49382360376e-07
1.00216499395e-06
1.00216630351e-06
8.49382360376e-07
1.18530294169e-06
1.18531269752e-06
1.08987831863e-06
1.00216499395e-06
1.39871207635e-06
9.22094927236e-07
1.08987381226e-06
1.39871207636e-06
1.39871207636e-06
9.22095025459e-07
8.49382410521e-07
1.18531269752e-06
1.28840219792e-06
1.18531269752e-06
1.08987831863e-06
9.22094932125e-07
8.49382360376e-07
1.28840149097e-06
1.08987381226e-06
1.08987381226e-06
1.08987381226e-06
1.18530294169e-06
1.08987381226e-06
1.08987452593e-06
8.49382410521e-07
1.18531269752e-06
1.39871207636e-06
8.49382360376e-07
1.11251060882e-06
1.39871207635e-06
1.39871207635e-06
9.22094927236e-07
1.18530294169e-06
8.49382360376e-07
1.08987831863e-06
1.08987381226e-06
8.49382360376e-07
8.49382360376e-07
1.00216499395e-06
1.39871207636e-06
1.08987381226e-06
1.00216499395e-06
1.08987381226e-06
1.39871207635e-06
1.39871207635e-06
1.18531269752e-06
1.39871207636e-06
1.18530294169e-06
1.18530294169e-06
1.08987381226e-06
8.49382360376e-07
1.39871207635e-06
8.49382360376e-07
1.39871207635e-06
1.39871207635e-06
8.49382360376e-07
1.00216499395e-06
1.28840149097e-06
1.08987381226e-06
1.00216499395e-06
1.28840149097e-06
8.49382360376e-07
8.49382360376e-07
8.49382360376e-07
8.49382360376e-07
8.49382360376e-07
1.39871207635e-06
1.28840219792e-06
1.00216499395e-06
1.08987381226e-06
8.49382360376e-07
8.49382410521e-07
1.08987831863e-06
1.08987381226e-06
8.49382360376e-07
8.49382360376e-07
1.18530294169e-06
9.22095025459e-07
1.00216499395e-06
1.18531269752e-06
8.49382360376e-07
1.28840219792e-06
1.18531269752e-06
1.00216499395e-06
8.49382360376e-07
1.18530294169e-06
1.28840149097e-06
1.39871207635e-06
1.18530294169e-06
1.08987381226e-06
8.49382360376e-07
1.28840219792e-06
1.39871207635e-06
9.22094989277e-07
1.39871207635e-06
1.08987452593e-06
8.49382410521e-07
1.39871207635e-06
8.49382360376e-07
1.08987381226e-06
1.28840149097e-06
1.00216499395e-06
8.49382360376e-07
1.08987452593e-06
1.00216499395e-06
1.39871207635e-06
1.39871207635e-06
1.08987452593e-06
8.49382410521e-07
1.18530294169e-06
1.39871207636e-06
1.00216499395e-06
1.08987381226e-06
1.00216499395e-06
1.00216499395e-06
1.00216499395e-06
1.08987381226e-06
9.22095025459e-07
1.11250941841e-06
1.08987381226e-06
1.08987381226e-06
1.18531269752e-06
1.39871207636e-06
1.00216499395e-06
1.11250941842e-06
8.49382410521e-07
1.18530294169e-06
8.49382360376e-07
8.49382360376e-07
1.39871207635e-06
1.08987452593e-06
1.08987381226e-06
1.18530294169e-06
1.08987831863e-06
9.22094927236e-07
9.22094932125e-07
9.22094932125e-07
1.31352607199e-06
1.08987381226e-06
1.18531269752e-06
1.28840219792e-06
1.39871207635e-06
1.28840149097e-06
1.08987831863e-06
1.08987831863e-06
1.00216499395e-06
1.39871207635e-06
1.08987381226e-06
8.49382360376e-07
1.28840219792e-06
1.08987381226e-06
8.49382360376e-07
1.39871207635e-06
1.08987381226e-06
1.39871207635e-06
1.08987381226e-06
1.39871207635e-06
1.39871207635e-06
1.39871207635e-06
1.08987831863e-06
1.28840149097e-06
1.39871207635e-06
1.08987381226e-06
8.49382360376e-07
1.00216499395e-06
9.22095025459e-07
9.22094927236e-07
1.08987381226e-06
1.39871207635e-06
1.39871207636e-06
1.28840219792e-06
8.49382410521e-07
1.08987831863e-06
8.49382360376e-07
1.28840149097e-06
9.22094932125e-07
1.39871207635e-06
8.49382410521e-07
1.18530294169e-06
1.08987381226e-06
9.22094932125e-07
1.39871207635e-06
8.49382360376e-07
1.28840219792e-06
1.18531269752e-06
8.49382360376e-07
9.22094932125e-07
9.22094989277e-07
1.00216499395e-06
1.00216499395e-06
1.08987831863e-06
1.39871207635e-06
9.22094989277e-07
8.49382360376e-07
8.49382360376e-07
9.22094932125e-07
9.22094932125e-07
1.39871207635e-06
1.39871207635e-06
1.08987452593e-06
1.28840219792e-06
1.28840149097e-06
1.39871207635e-06
8.49382360376e-07
1.18531269752e-06
1.00216499395e-06
1.00216499395e-06
8.49382360376e-07
1.28840149097e-06
1.00216499395e-06
1.39871207635e-06
8.49382360376e-07
1.00216630351e-06
1.11251060882e-06
1.39871207636e-06
1.39871207635e-06
1.39871207635e-06
8.49382360376e-07
8.49382360376e-07
1.18530294169e-06
9.22094932125e-07
1.00216499395e-06
1.08987831863e-06
1.00216499395e-06
1.00216499395e-06
8.49382360376e-07
9.22094932125e-07
9.22094927236e-07
1.18530294169e-06
1.39871207635e-06
1.00216499395e-06
8.49382410521e-07
8.49382360376e-07
9.22094927236e-07
8.49382360376e-07
1.00216499395e-06
1.39871207635e-06
8.49382360376e-07
1.00216499395e-06
1.00216630351e-06
1.08987831863e-06
1.28840149097e-06
9.22094932125e-07
1.39871207635e-06
1.28840219792e-06
8.49382360376e-07
9.22095025459e-07
8.49382360376e-07
8.49382360376e-07
9.22094932125e-07
9.22095025459e-07
1.00216630351e-06
1.00216499395e-06
1.28840219792e-06
1.08987452593e-06
9.22094932125e-07
8.49382360376e-07
1.08987452593e-06
8.49382360376e-07
1.18531269752e-06
8.49382360376e-07
1.39871207635e-06
1.00216499395e-06
8.49382360376e-07
1.00216630351e-06
1.39871207635e-06
9.22094932125e-07
1.28840149097e-06
9.22094932125e-07
1.00216630351e-06
9.22094932125e-07
8.49382360376e-07
1.28840149098e-06
1.28840219792e-06
9.22094927236e-07
1.08987381226e-06
1.28840149097e-06
1.28840149097e-06
1.18530294169e-06
9.22094932125e-07
8.49382360376e-07
1.28840219792e-06
1.39871207635e-06
9.22094989277e-07
1.08987381226e-06
1.39871207635e-06
1.39871207635e-06
9.22094989277e-07
1.00216499395e-06
1.00216499395e-06
9.22094932125e-07
1.00216630351e-06
9.22094932125e-07
9.22094932125e-07
8.49382360376e-07
9.22094989277e-07
1.39871207635e-06
1.00216499395e-06
8.49382360376e-07
1.08987381226e-06
1.00216499395e-06
8.49382360376e-07
1.08987381226e-06
9.22094989277e-07
1.39871207635e-06
9.22094932125e-07
8.49382360376e-07
9.22095025459e-07
9.22094932125e-07
8.49382360376e-07
1.28840149097e-06
1.39871207635e-06
1.11251060882e-06
1.28840219792e-06
1.39871207636e-06
1.28840149097e-06
8.49382360376e-07
9.22094927236e-07
1.00216630351e-06
9.38817511943e-07
1.00216499395e-06
1.00216630351e-06
1.08987381226e-06
9.22094927236e-07
1.00216630351e-06
1.00216499395e-06
1.18531269752e-06
9.22094932125e-07
9.22094932125e-07
1.18530294169e-06
1.18531269752e-06
1.00216630351e-06
1.00216499395e-06
1.28840219792e-06
1.00216630351e-06
1.28840219792e-06
1.08987831863e-06
1.00216630351e-06
8.49382360376e-07
8.49382360376e-07
8.49382360376e-07
1.28840149097e-06
1.08987381226e-06
1.00216630351e-06
1.39871207636e-06
1.08987831863e-06
9.22094932125e-07
9.22094932125e-07
1.28840149097e-06
9.22094932125e-07
1.39871207635e-06
1.39871207635e-06
1.39871207635e-06
1.08987831863e-06
8.49382410521e-07
9.22094932125e-07
1.00216499395e-06
1.00216499395e-06
8.49382360376e-07
1.08987381226e-06
1.39871207635e-06
8.49382360376e-07
1.39871207635e-06
1.08987381226e-06
8.49382360376e-07
1.39871207635e-06
9.22094932125e-07
1.18531269752e-06
9.22095025459e-07
1.28840219792e-06
9.22094927236e-07
1.00216499395e-06
8.49382360376e-07
9.22094932125e-07
1.39871207635e-06
8.49382360376e-07
1.39871207635e-06
8.49382360376e-07
1.08987381226e-06
1.00216499395e-06
1.28840219792e-06
1.08987381226e-06
1.08987381226e-06
1.39871207635e-06
8.49382360376e-07
1.39871207635e-06
8.49382360376e-07
1.39871207635e-06
1.08987381226e-06
9.22094932125e-07
1.28840149097e-06
1.18531269752e-06
1.18531269752e-06
8.49382360376e-07
9.22094932125e-07
1.39871207635e-06
1.08987381226e-06
8.49382360376e-07
1.00216499395e-06
9.22094989277e-07
1.08987381226e-06
8.49382360376e-07
1.39871207636e-06
8.49382360376e-07
8.49382360376e-07
8.49382360376e-07
1.00216499395e-06
1.00216499395e-06
1.28840149097e-06
8.49382360376e-07
1.39871207635e-06
1.08987381226e-06
1.08987452593e-06
9.22094927236e-07
8.49382360376e-07
8.49382360376e-07
1.08987381226e-06
1.39871207635e-06
9.22094932125e-07
1.39871207636e-06
1.08987381226e-06
8.49382360376e-07
8.49382360376e-07
8.49382360376e-07
1.00216499395e-06
8.49382410521e-07
1.08987452593e-06
1.08987381226e-06
1.18530294169e-06
1.39871207635e-06
1.18531269752e-06
1.08987381226e-06
8.49382360376e-07
8.49382360376e-07
8.49382360376e-07
1.28840149097e-06
1.18530294169e-06
1.28840149097e-06
1.08987381226e-06
9.22094927236e-07
1.28840219792e-06
1.18530294169e-06
8.49382360376e-07
1.08987381226e-06
1.39871207635e-06
1.28840149097e-06
1.39871207635e-06
1.39871207636e-06
1.00216499395e-06
1.18531269752e-06
1.28840219792e-06
1.28840149097e-06
9.22094989277e-07
8.49382360376e-07
9.22094932125e-07
1.00216499395e-06
9.22094989277e-07
8.49382360376e-07
1.08987381226e-06
1.18530294169e-06
1.08987831863e-06
1.18530294169e-06
1.28840149097e-06
9.22094932125e-07
8.49382360376e-07
1.39871207635e-06
1.28840149098e-06
1.08987381226e-06
9.22094932125e-07
9.22094932125e-07
1.00216499395e-06
1.08987381226e-06
1.00216499395e-06
8.49382360376e-07
8.49382360376e-07
8.49382360376e-07
1.28840149097e-06
1.28840149097e-06
1.28840149097e-06
8.49382360376e-07
1.08987381226e-06
8.49382360376e-07
1.28840149097e-06
8.49382360376e-07
9.22095025459e-07
1.00216499395e-06
1.08987381226e-06
1.08987452593e-06
1.08987381226e-06
9.22094932125e-07
1.00216499395e-06
1.00216499395e-06
1.08987381226e-06
9.38817511943e-07
1.00216499395e-06
9.22095025459e-07
1.39871207636e-06
8.49382410521e-07
9.22095025459e-07
8.49382410521e-07
8.49382410521e-07
1.08987452593e-06
1.18530294169e-06
8.49382360376e-07
1.08987381226e-06
1.08987452593e-06
8.49382360376e-07
1.00216499395e-06
1.18530294169e-06
1.18530294169e-06
8.49382360376e-07
8.49382360376e-07
1.28840149097e-06
1.28840219792e-06
1.28840219792e-06
8.49382410521e-07
9.22094932125e-07
1.39871207635e-06
1.08987381226e-06
1.18530294169e-06
1.28840149097e-06
8.49382360376e-07
1.28840149098e-06
1.18530294169e-06
1.08987381226e-06
1.18530294169e-06
1.08987381226e-06
1.39871207635e-06
