#NSGA2
popsize 50
maxGen 30
numVar 5
numObj 2
numCons 1
stateFieldNames	currentGen	evaluateCount	totalTime	firstFrontCount	frontCount	avgEvalTime	
#end


#Generation 1 / 30
currentGen	1
evaluateCount	50
totalTime	582.419
firstFrontCount	4
frontCount	6
avgEvalTime	11.6474
#end
Var1	Var2	Var3	Var4	Var5	Obj1	Obj2	Cons1	
2	1	1	4	3	1e+06	2	0	
2	2	1	3	2	-2.83998e+10	9.5951e-07	0	
2	4	1	4	2	-2.84879e+10	1.1854e-06	0	
3	6	1	6	1	1e+06	2	0	
2	1	1	2	2	1e+06	2	0	
2	2	1	2	3	-2.8422e+10	9.3882e-07	0	
2	2	1	4	4	1e+06	2	0	
2	6	1	2	5	-2.93274e+10	1.3135e-06	0	
3	4	1	3	4	1e+06	2	0	
2	4	1	4	6	-2.84879e+10	1.1854e-06	0	
2	1	1	6	3	1e+06	2	0	
1	2	1	7	6	1e+06	2	0	
3	5	1	2	2	1e+06	2	0	
2	3	1	7	3	1e+06	2	0	
2	3	1	3	5	1e+06	2	0	
2	3	1	6	2	1e+06	2	0	
2	1	1	3	3	1e+06	2	0	
2	3	1	7	2	1e+06	2	0	
2	1	1	5	2	1e+06	2	0	
2	5	1	2	5	1e+06	2	0	
3	2	1	5	5	1e+06	2	0	
2	2	1	5	3	1e+06	2	0	
2	6	1	4	4	1e+06	2	0	
3	5	1	5	3	1e+06	2	0	
2	5	1	2	2	1e+06	2	0	
2	1	1	3	2	1e+06	2	0	
1	3	1	3	3	1e+06	2	0	
2	6	1	1	2	-3.23176e+10	1.2884e-06	0	
2	2	1	2	5	-2.8428e+10	9.3882e-07	0	
2	6	1	2	5	-2.93274e+10	1.3135e-06	0	
1	1	1	5	1	1e+06	2	0	
1	1	1	5	2	1e+06	2	0	
3	4	1	3	4	1e+06	2	0	
3	4	1	4	3	-2.8491e+10	1.1854e-06	0	
2	4	1	2	3	-2.90687e+10	1.1125e-06	0	
2	6	1	4	6	1e+06	2	0	
2	4	1	6	3	1e+06	2	0	
3	4	1	1	1	-3.05353e+10	1.0899e-06	0	
3	2	1	3	2	-2.83998e+10	9.5951e-07	0	
2	7	1	7	5	1e+06	2	0	
2	4	1	1	3	-3.06236e+10	1.0899e-06	0	
2	6	1	6	6	1e+06	2	0	
3	6	1	3	2	1e+06	2	0	
3	6	1	4	5	1e+06	2	0	
3	2	1	6	1	-2.87606e+10	1.023e-06	0	
1	4	1	6	5	1e+06	2	0	
2	6	1	2	4	-2.93094e+10	1.3135e-06	0	
2	7	1	3	5	1e+06	2	0	
2	2	1	4	2	1e+06	2	0	
2	7	1	6	5	1e+06	2	0	



#Generation 2 / 30
currentGen	2
evaluateCount	100
totalTime	1112.43
firstFrontCount	7
frontCount	9
avgEvalTime	10.5747
#end
Var1	Var2	Var3	Var4	Var5	Obj1	Obj2	Cons1	
2	6	1	1	2	-3.23176e+10	1.2884e-06	0	
2	2	1	2	5	-2.8428e+10	9.3882e-07	0	
2	4	1	1	3	-3.06236e+10	1.0899e-06	0	
2	1	1	1	6	-2.59164e+10	8.2992e-07	0	
3	2	1	6	2	-2.87725e+10	1.023e-06	0	
2	6	1	1	6	-3.23176e+10	1.2884e-06	0	
1	2	1	6	2	-2.87725e+10	1.023e-06	0	
2	2	1	2	3	-2.8422e+10	9.3882e-07	0	
3	4	1	1	1	-3.05353e+10	1.0899e-06	0	
3	2	1	6	1	-2.87606e+10	1.023e-06	0	
3	6	1	1	1	-3.22823e+10	1.2884e-06	0	
2	2	1	2	3	-2.8422e+10	9.3882e-07	0	
2	2	1	6	1	-2.87606e+10	1.023e-06	0	
2	4	1	2	3	-2.90687e+10	1.1125e-06	0	
2	4	1	2	3	-2.90687e+10	1.1125e-06	0	
2	4	1	2	3	-2.90687e+10	1.1125e-06	0	
2	6	1	1	3	-3.22817e+10	1.2884e-06	0	
2	2	1	3	3	-2.8401e+10	9.5951e-07	0	
2	4	1	2	3	-2.90687e+10	1.1125e-06	0	
2	2	1	3	2	-2.83998e+10	9.5951e-07	0	
2	6	1	2	5	-2.93274e+10	1.3135e-06	0	
2	6	1	2	5	-2.93274e+10	1.3135e-06	0	
3	2	1	3	2	-2.83998e+10	9.5951e-07	0	
3	3	1	5	2	-2.85903e+10	1.1128e-06	0	
2	2	1	3	2	-2.83998e+10	9.5951e-07	0	
2	3	1	5	4	-2.85903e+10	1.1128e-06	0	
2	6	1	2	4	-2.93094e+10	1.3135e-06	0	
2	3	1	5	3	-2.85884e+10	1.1128e-06	0	
2	3	1	5	3	-2.85884e+10	1.1128e-06	0	
2	3	1	5	5	-2.85884e+10	1.1128e-06	0	
3	4	1	4	3	-2.8491e+10	1.1854e-06	0	
2	4	1	4	3	-2.8491e+10	1.1854e-06	0	
2	4	1	4	2	-2.84879e+10	1.1854e-06	0	
2	4	1	4	6	-2.84879e+10	1.1854e-06	0	
2	4	1	4	2	-2.84879e+10	1.1854e-06	0	
2	4	1	4	2	-2.84879e+10	1.1854e-06	0	
2	4	1	4	2	-2.84879e+10	1.1854e-06	0	
3	5	1	3	4	-2.83448e+10	1.2476e-06	0	
2	5	1	5	4	1e+06	2	0	
3	7	1	3	3	1e+06	2	0	
2	5	1	7	2	1e+06	2	0	
3	4	1	7	2	1e+06	2	0	
2	3	1	2	1	1e+06	2	0	
2	1	1	4	2	1e+06	2	0	
2	7	1	3	2	1e+06	2	0	
2	1	1	5	5	1e+06	2	0	
3	3	1	2	5	1e+06	2	0	
3	1	1	6	1	1e+06	2	0	
2	1	1	4	2	1e+06	2	0	
2	4	1	5	6	1e+06	2	0	



#Generation 3 / 30
currentGen	3
evaluateCount	150
totalTime	85167.8
firstFrontCount	8
frontCount	7
avgEvalTime	1681.09
#end
Var1	Var2	Var3	Var4	Var5	Obj1	Obj2	Cons1	
2	6	1	1	2	-3.23176e+10	1.2884e-06	0	
2	4	1	1	3	-3.06236e+10	1.0899e-06	0	
2	1	1	1	6	-2.59164e+10	8.2992e-07	0	
2	6	1	1	6	-3.23176e+10	1.2884e-06	0	
2	4	1	1	3	-3.06236e+10	1.0899e-06	0	
2	2	1	1	5	-2.91206e+10	9.2209e-07	0	
2	4	1	1	3	-3.06236e+10	1.0899e-06	0	
2	3	1	1	6	-2.96059e+10	1.0022e-06	0	
3	4	1	1	1	-3.05353e+10	1.0899e-06	0	
3	6	1	1	1	-3.22823e+10	1.2884e-06	0	
2	2	1	1	3	-2.88695e+10	9.2209e-07	0	
2	2	1	2	5	-2.8428e+10	9.3882e-07	0	
3	2	1	6	2	-2.87725e+10	1.023e-06	0	
1	2	1	6	2	-2.87725e+10	1.023e-06	0	
2	6	1	1	3	-3.22817e+10	1.2884e-06	0	
2	6	1	1	3	-3.22817e+10	1.2884e-06	0	
3	4	1	1	3	-3.03559e+10	1.0899e-06	0	
2	6	1	1	3	-3.22817e+10	1.2884e-06	0	
2	2	1	2	3	-2.8422e+10	9.3882e-07	0	
3	2	1	6	1	-2.87606e+10	1.023e-06	0	
2	2	1	2	3	-2.8422e+10	9.3882e-07	0	
2	2	1	6	1	-2.87606e+10	1.023e-06	0	
2	2	1	6	3	-2.87606e+10	1.023e-06	0	
2	2	1	2	3	-2.8422e+10	9.3882e-07	0	
2	2	1	2	3	-2.8422e+10	9.3882e-07	0	
3	2	1	6	1	-2.87606e+10	1.023e-06	0	
2	2	1	2	3	-2.8422e+10	9.3882e-07	0	
2	4	1	1	2	-3.03493e+10	1.0899e-06	0	
2	6	1	1	5	-3.19656e+10	1.2884e-06	0	
2	2	1	3	3	-2.8401e+10	9.5951e-07	0	
2	2	1	3	3	-2.8401e+10	9.5951e-07	0	
2	4	1	1	1	-3.0263e+10	1.0899e-06	0	
2	2	1	2	2	-2.82036e+10	9.3882e-07	0	
2	6	1	1	4	-3.17633e+10	1.2884e-06	0	
2	2	1	3	3	-2.8401e+10	9.5951e-07	0	
2	4	1	2	3	-2.90687e+10	1.1125e-06	0	
2	4	1	2	3	-2.90687e+10	1.1125e-06	0	
2	4	1	2	3	-2.90687e+10	1.1125e-06	0	
2	4	1	2	3	-2.90687e+10	1.1125e-06	0	
2	2	1	3	2	-2.83998e+10	9.5951e-07	0	
2	6	1	2	5	-2.93274e+10	1.3135e-06	0	
2	6	1	2	5	-2.93274e+10	1.3135e-06	0	
3	2	1	3	2	-2.83998e+10	9.5951e-07	0	
2	2	1	3	2	-2.83998e+10	9.5951e-07	0	
2	6	1	2	5	-2.93274e+10	1.3135e-06	0	
2	4	1	2	3	-2.90687e+10	1.1125e-06	0	
2	4	1	2	3	-2.90687e+10	1.1125e-06	0	
2	2	1	3	2	-2.83998e+10	9.5951e-07	0	
3	2	1	2	3	-2.81978e+10	9.3882e-07	0	
2	2	1	3	4	-2.81676e+10	9.5951e-07	0	



#Generation 4 / 30
currentGen	4
evaluateCount	200
totalTime	199006
firstFrontCount	13
frontCount	5
avgEvalTime	2276.72
#end
Var1	Var2	Var3	Var4	Var5	Obj1	Obj2	Cons1	
2	6	1	1	2	-3.23176e+10	1.2884e-06	0	
2	4	1	1	3	-3.06236e+10	1.0899e-06	0	
2	1	1	1	6	-2.59164e+10	8.2992e-07	0	
2	6	1	1	6	-3.23176e+10	1.2884e-06	0	
2	4	1	1	3	-3.06236e+10	1.0899e-06	0	
2	2	1	1	5	-2.91206e+10	9.2209e-07	0	
2	4	1	1	3	-3.06236e+10	1.0899e-06	0	
2	6	1	1	6	-3.23176e+10	1.2884e-06	0	
2	5	1	1	4	-3.14228e+10	1.1853e-06	0	
2	3	1	1	4	-2.96061e+10	1.0022e-06	0	
2	6	1	1	6	-3.23176e+10	1.2884e-06	0	
2	4	1	1	3	-3.06236e+10	1.0899e-06	0	
2	4	1	1	3	-3.06236e+10	1.0899e-06	0	
2	3	1	1	6	-2.96059e+10	1.0022e-06	0	
3	4	1	1	1	-3.05353e+10	1.0899e-06	0	
3	6	1	1	1	-3.22823e+10	1.2884e-06	0	
2	2	1	1	3	-2.88695e+10	9.2209e-07	0	
2	2	1	1	3	-2.88695e+10	9.2209e-07	0	
3	5	1	1	2	-3.14218e+10	1.1853e-06	0	
3	6	1	1	1	-3.22823e+10	1.2884e-06	0	
2	6	1	1	3	-3.22817e+10	1.2884e-06	0	
2	6	1	1	3	-3.22817e+10	1.2884e-06	0	
3	4	1	1	3	-3.03559e+10	1.0899e-06	0	
2	6	1	1	3	-3.22817e+10	1.2884e-06	0	
3	4	1	1	3	-3.03559e+10	1.0899e-06	0	
2	5	1	1	1	-3.13586e+10	1.1853e-06	0	
2	6	1	1	3	-3.22817e+10	1.2884e-06	0	
2	2	1	1	1	-2.88486e+10	9.2209e-07	0	
2	6	1	1	3	-3.22817e+10	1.2884e-06	0	
2	6	1	1	3	-3.22817e+10	1.2884e-06	0	
2	3	1	1	3	-2.95875e+10	1.0022e-06	0	
2	3	1	1	3	-2.95875e+10	1.0022e-06	0	
2	2	1	1	1	-2.88486e+10	9.2209e-07	0	
2	2	1	2	5	-2.8428e+10	9.3882e-07	0	
2	4	1	1	2	-3.03493e+10	1.0899e-06	0	
2	6	1	1	5	-3.19656e+10	1.2884e-06	0	
2	4	1	1	2	-3.03493e+10	1.0899e-06	0	
3	4	1	1	2	-3.03493e+10	1.0899e-06	0	
2	4	1	1	2	-3.03493e+10	1.0899e-06	0	
2	6	1	1	5	-3.19656e+10	1.2884e-06	0	
2	4	1	1	2	-3.03493e+10	1.0899e-06	0	
2	6	1	1	5	-3.19656e+10	1.2884e-06	0	
3	3	1	1	2	-2.95704e+10	1.0022e-06	0	
2	6	1	1	1	-3.19656e+10	1.2884e-06	0	
2	2	1	2	3	-2.8422e+10	9.3882e-07	0	
2	6	1	1	4	-3.17633e+10	1.2884e-06	0	
2	2	1	2	3	-2.8422e+10	9.3882e-07	0	
1	4	1	1	1	-3.0263e+10	1.0899e-06	0	
3	2	1	6	2	-2.87725e+10	1.023e-06	0	
2	4	1	1	1	-3.0263e+10	1.0899e-06	0	



#Generation 5 / 30
currentGen	5
evaluateCount	250
totalTime	332212
firstFrontCount	27
frontCount	3
avgEvalTime	2664.09
#end
Var1	Var2	Var3	Var4	Var5	Obj1	Obj2	Cons1	
2	6	1	1	2	-3.23176e+10	1.2884e-06	0	
2	4	1	1	3	-3.06236e+10	1.0899e-06	0	
2	1	1	1	6	-2.59164e+10	8.2992e-07	0	
2	6	1	1	6	-3.23176e+10	1.2884e-06	0	
2	4	1	1	3	-3.06236e+10	1.0899e-06	0	
2	2	1	1	5	-2.91206e+10	9.2209e-07	0	
2	4	1	1	3	-3.06236e+10	1.0899e-06	0	
2	6	1	1	6	-3.23176e+10	1.2884e-06	0	
2	5	1	1	4	-3.14228e+10	1.1853e-06	0	
2	3	1	1	4	-2.96061e+10	1.0022e-06	0	
2	6	1	1	6	-3.23176e+10	1.2884e-06	0	
2	4	1	1	3	-3.06236e+10	1.0899e-06	0	
2	4	1	1	3	-3.06236e+10	1.0899e-06	0	
2	6	1	1	2	-3.23176e+10	1.2884e-06	0	
2	4	1	1	3	-3.06236e+10	1.0899e-06	0	
2	6	1	1	6	-3.23176e+10	1.2884e-06	0	
2	6	1	1	2	-3.23176e+10	1.2884e-06	0	
2	6	1	1	6	-3.23176e+10	1.2884e-06	0	
2	5	1	1	4	-3.14228e+10	1.1853e-06	0	
2	4	1	1	3	-3.06236e+10	1.0899e-06	0	
2	4	1	1	3	-3.06236e+10	1.0899e-06	0	
2	4	1	1	3	-3.06236e+10	1.0899e-06	0	
2	4	1	1	3	-3.06236e+10	1.0899e-06	0	
2	4	1	1	3	-3.06236e+10	1.0899e-06	0	
2	4	1	1	3	-3.06236e+10	1.0899e-06	0	
2	4	1	1	3	-3.06236e+10	1.0899e-06	0	
2	6	1	1	6	-3.23176e+10	1.2884e-06	0	
2	3	1	1	6	-2.96059e+10	1.0022e-06	0	
3	4	1	1	1	-3.05353e+10	1.0899e-06	0	
3	6	1	1	1	-3.22823e+10	1.2884e-06	0	
3	5	1	1	2	-3.14218e+10	1.1853e-06	0	
3	6	1	1	1	-3.22823e+10	1.2884e-06	0	
3	5	1	1	2	-3.14218e+10	1.1853e-06	0	
2	2	1	1	4	-2.88825e+10	9.2209e-07	0	
3	6	1	1	1	-3.22823e+10	1.2884e-06	0	
2	6	1	1	3	-3.22817e+10	1.2884e-06	0	
2	2	1	1	3	-2.88695e+10	9.2209e-07	0	
2	6	1	1	3	-3.22817e+10	1.2884e-06	0	
2	2	1	1	3	-2.88695e+10	9.2209e-07	0	
2	5	1	1	3	-3.13846e+10	1.1853e-06	0	
3	4	1	1	3	-3.03559e+10	1.0899e-06	0	
3	4	1	1	3	-3.03559e+10	1.0899e-06	0	
2	3	1	1	3	-2.95875e+10	1.0022e-06	0	
2	3	1	1	3	-2.95875e+10	1.0022e-06	0	
3	4	1	1	3	-3.03559e+10	1.0899e-06	0	
2	3	1	1	3	-2.95875e+10	1.0022e-06	0	
2	3	1	1	3	-2.95875e+10	1.0022e-06	0	
2	6	1	1	3	-3.22817e+10	1.2884e-06	0	
2	2	1	1	3	-2.88695e+10	9.2209e-07	0	
2	6	1	1	3	-3.22817e+10	1.2884e-06	0	



#Generation 6 / 30
currentGen	6
evaluateCount	300
totalTime	383774
firstFrontCount	50
frontCount	1
avgEvalTime	1031.17
#end
Var1	Var2	Var3	Var4	Var5	Obj1	Obj2	Cons1	
2	7	1	1	2	-3.38668e+10	1.3987e-06	0	
2	1	1	1	6	-2.59164e+10	8.2992e-07	0	
2	1	1	1	6	-2.59164e+10	8.2992e-07	0	
2	2	1	1	5	-2.91206e+10	9.2209e-07	0	
2	6	1	1	2	-3.23176e+10	1.2884e-06	0	
2	6	1	1	2	-3.23176e+10	1.2884e-06	0	
2	4	1	1	3	-3.06236e+10	1.0899e-06	0	
2	5	1	1	4	-3.14228e+10	1.1853e-06	0	
2	5	1	1	4	-3.14228e+10	1.1853e-06	0	
2	3	1	1	4	-2.96061e+10	1.0022e-06	0	
2	4	1	1	3	-3.06236e+10	1.0899e-06	0	
2	3	1	1	4	-2.96061e+10	1.0022e-06	0	
2	4	1	1	3	-3.06236e+10	1.0899e-06	0	
2	4	1	1	3	-3.06236e+10	1.0899e-06	0	
2	4	1	1	3	-3.06236e+10	1.0899e-06	0	
2	6	1	1	2	-3.23176e+10	1.2884e-06	0	
2	6	1	1	2	-3.23176e+10	1.2884e-06	0	
2	4	1	1	3	-3.06236e+10	1.0899e-06	0	
2	4	1	1	3	-3.06236e+10	1.0899e-06	0	
2	4	1	1	3	-3.06236e+10	1.0899e-06	0	
2	4	1	1	3	-3.06236e+10	1.0899e-06	0	
2	4	1	1	3	-3.06236e+10	1.0899e-06	0	
2	4	1	1	3	-3.06236e+10	1.0899e-06	0	
2	4	1	1	3	-3.06236e+10	1.0899e-06	0	
2	6	1	1	6	-3.23176e+10	1.2884e-06	0	
2	4	1	1	3	-3.06236e+10	1.0899e-06	0	
2	6	1	1	6	-3.23176e+10	1.2884e-06	0	
2	4	1	1	3	-3.06236e+10	1.0899e-06	0	
2	4	1	1	3	-3.06236e+10	1.0899e-06	0	
2	4	1	1	3	-3.06236e+10	1.0899e-06	0	
2	6	1	1	6	-3.23176e+10	1.2884e-06	0	
2	6	1	1	6	-3.23176e+10	1.2884e-06	0	
2	4	1	1	3	-3.06236e+10	1.0899e-06	0	
2	4	1	1	3	-3.06236e+10	1.0899e-06	0	
2	4	1	1	3	-3.06236e+10	1.0899e-06	0	
2	4	1	1	3	-3.06236e+10	1.0899e-06	0	
2	4	1	1	3	-3.06236e+10	1.0899e-06	0	
2	4	1	1	3	-3.06236e+10	1.0899e-06	0	
2	4	1	1	3	-3.06236e+10	1.0899e-06	0	
2	6	1	1	6	-3.23176e+10	1.2884e-06	0	
2	6	1	1	2	-3.23176e+10	1.2884e-06	0	
2	6	1	1	6	-3.23176e+10	1.2884e-06	0	
2	4	1	1	3	-3.06236e+10	1.0899e-06	0	
2	6	1	1	2	-3.23176e+10	1.2884e-06	0	
2	4	1	1	3	-3.06236e+10	1.0899e-06	0	
2	4	1	1	3	-3.06236e+10	1.0899e-06	0	
2	6	1	1	6	-3.23176e+10	1.2884e-06	0	
2	6	1	1	6	-3.23176e+10	1.2884e-06	0	
2	4	1	1	3	-3.06236e+10	1.0899e-06	0	
2	4	1	1	3	-3.06236e+10	1.0899e-06	0	



#Generation 7 / 30
currentGen	7
evaluateCount	350
totalTime	394108
firstFrontCount	50
frontCount	1
avgEvalTime	206.64
#end
Var1	Var2	Var3	Var4	Var5	Obj1	Obj2	Cons1	
2	1	1	1	6	-2.59164e+10	8.2992e-07	0	
2	7	1	1	3	-3.38832e+10	1.3987e-06	0	
2	1	1	1	6	-2.59164e+10	8.2992e-07	0	
2	2	1	1	5	-2.91206e+10	9.2209e-07	0	
2	6	1	1	2	-3.23176e+10	1.2884e-06	0	
2	6	1	1	2	-3.23176e+10	1.2884e-06	0	
2	4	1	1	3	-3.06236e+10	1.0899e-06	0	
2	5	1	1	4	-3.14228e+10	1.1853e-06	0	
2	5	1	1	4	-3.14228e+10	1.1853e-06	0	
2	3	1	1	4	-2.96061e+10	1.0022e-06	0	
2	4	1	1	3	-3.06236e+10	1.0899e-06	0	
2	2	1	1	5	-2.91206e+10	9.2209e-07	0	
2	3	1	1	4	-2.96061e+10	1.0022e-06	0	
2	4	1	1	3	-3.06236e+10	1.0899e-06	0	
2	4	1	1	3	-3.06236e+10	1.0899e-06	0	
2	4	1	1	3	-3.06236e+10	1.0899e-06	0	
2	4	1	1	3	-3.06236e+10	1.0899e-06	0	
2	6	1	1	6	-3.23176e+10	1.2884e-06	0	
2	4	1	1	3	-3.06236e+10	1.0899e-06	0	
2	4	1	1	3	-3.06236e+10	1.0899e-06	0	
2	6	1	1	6	-3.23176e+10	1.2884e-06	0	
2	3	1	1	4	-2.96061e+10	1.0022e-06	0	
2	4	1	1	3	-3.06236e+10	1.0899e-06	0	
2	4	1	1	3	-3.06236e+10	1.0899e-06	0	
2	4	1	1	3	-3.06236e+10	1.0899e-06	0	
2	4	1	1	3	-3.06236e+10	1.0899e-06	0	
2	5	1	1	4	-3.14228e+10	1.1853e-06	0	
2	4	1	1	3	-3.06236e+10	1.0899e-06	0	
2	4	1	1	3	-3.06236e+10	1.0899e-06	0	
2	4	1	1	3	-3.06236e+10	1.0899e-06	0	
2	4	1	1	3	-3.06236e+10	1.0899e-06	0	
2	4	1	1	3	-3.06236e+10	1.0899e-06	0	
2	3	1	1	4	-2.96061e+10	1.0022e-06	0	
2	2	1	1	5	-2.91206e+10	9.2209e-07	0	
2	4	1	1	3	-3.06236e+10	1.0899e-06	0	
2	4	1	1	3	-3.06236e+10	1.0899e-06	0	
2	4	1	1	3	-3.06236e+10	1.0899e-06	0	
2	4	1	1	3	-3.06236e+10	1.0899e-06	0	
2	4	1	1	3	-3.06236e+10	1.0899e-06	0	
2	6	1	1	6	-3.23176e+10	1.2884e-06	0	
2	6	1	1	6	-3.23176e+10	1.2884e-06	0	
2	4	1	1	3	-3.06236e+10	1.0899e-06	0	
2	4	1	1	3	-3.06236e+10	1.0899e-06	0	
2	6	1	1	2	-3.23176e+10	1.2884e-06	0	
2	4	1	1	3	-3.06236e+10	1.0899e-06	0	
2	6	1	1	6	-3.23176e+10	1.2884e-06	0	
2	6	1	1	2	-3.23176e+10	1.2884e-06	0	
2	6	1	1	6	-3.23176e+10	1.2884e-06	0	
2	4	1	1	3	-3.06236e+10	1.0899e-06	0	
2	4	1	1	3	-3.06236e+10	1.0899e-06	0	



#Generation 8 / 30
currentGen	8
evaluateCount	400
totalTime	397251
firstFrontCount	50
frontCount	1
avgEvalTime	62.8464
#end
Var1	Var2	Var3	Var4	Var5	Obj1	Obj2	Cons1	
2	1	1	1	6	-2.59164e+10	8.2992e-07	0	
2	7	1	1	3	-3.38832e+10	1.3987e-06	0	
2	7	1	1	3	-3.38832e+10	1.3987e-06	0	
2	1	1	1	6	-2.59164e+10	8.2992e-07	0	
2	2	1	1	5	-2.91206e+10	9.2209e-07	0	
2	6	1	1	2	-3.23176e+10	1.2884e-06	0	
2	6	1	1	6	-3.23176e+10	1.2884e-06	0	
2	4	1	1	3	-3.06236e+10	1.0899e-06	0	
2	5	1	1	4	-3.14228e+10	1.1853e-06	0	
2	5	1	1	4	-3.14228e+10	1.1853e-06	0	
2	3	1	1	4	-2.96061e+10	1.0022e-06	0	
2	4	1	1	3	-3.06236e+10	1.0899e-06	0	
2	2	1	1	5	-2.91206e+10	9.2209e-07	0	
2	3	1	1	4	-2.96061e+10	1.0022e-06	0	
2	6	1	1	2	-3.23176e+10	1.2884e-06	0	
2	4	1	1	3	-3.06236e+10	1.0899e-06	0	
2	3	1	1	4	-2.96061e+10	1.0022e-06	0	
2	6	1	1	2	-3.23176e+10	1.2884e-06	0	
2	4	1	1	3	-3.06236e+10	1.0899e-06	0	
2	4	1	1	3	-3.06236e+10	1.0899e-06	0	
2	1	1	1	6	-2.59164e+10	8.2992e-07	0	
2	4	1	1	3	-3.06236e+10	1.0899e-06	0	
2	5	1	1	4	-3.14228e+10	1.1853e-06	0	
2	5	1	1	4	-3.14228e+10	1.1853e-06	0	
2	4	1	1	3	-3.06236e+10	1.0899e-06	0	
2	3	1	1	4	-2.96061e+10	1.0022e-06	0	
2	6	1	1	2	-3.23176e+10	1.2884e-06	0	
2	5	1	1	4	-3.14228e+10	1.1853e-06	0	
2	3	1	1	4	-2.96061e+10	1.0022e-06	0	
2	4	1	1	3	-3.06236e+10	1.0899e-06	0	
2	5	1	1	4	-3.14228e+10	1.1853e-06	0	
2	4	1	1	3	-3.06236e+10	1.0899e-06	0	
2	4	1	1	3	-3.06236e+10	1.0899e-06	0	
2	4	1	1	3	-3.06236e+10	1.0899e-06	0	
2	4	1	1	3	-3.06236e+10	1.0899e-06	0	
2	6	1	1	2	-3.23176e+10	1.2884e-06	0	
2	4	1	1	3	-3.06236e+10	1.0899e-06	0	
2	4	1	1	3	-3.06236e+10	1.0899e-06	0	
2	6	1	1	6	-3.23176e+10	1.2884e-06	0	
2	4	1	1	3	-3.06236e+10	1.0899e-06	0	
2	4	1	1	3	-3.06236e+10	1.0899e-06	0	
2	6	1	1	6	-3.23176e+10	1.2884e-06	0	
2	6	1	1	2	-3.23176e+10	1.2884e-06	0	
2	6	1	1	6	-3.23176e+10	1.2884e-06	0	
2	4	1	1	3	-3.06236e+10	1.0899e-06	0	
2	6	1	1	2	-3.23176e+10	1.2884e-06	0	
2	4	1	1	3	-3.06236e+10	1.0899e-06	0	
2	4	1	1	3	-3.06236e+10	1.0899e-06	0	
2	6	1	1	6	-3.23176e+10	1.2884e-06	0	
2	6	1	1	6	-3.23176e+10	1.2884e-06	0	



#Generation 9 / 30
currentGen	9
evaluateCount	450
totalTime	446261
firstFrontCount	50
frontCount	1
avgEvalTime	980.178
#end
Var1	Var2	Var3	Var4	Var5	Obj1	Obj2	Cons1	
2	7	1	1	3	-3.38832e+10	1.3987e-06	0	
2	1	1	1	6	-2.59164e+10	8.2992e-07	0	
2	7	1	1	3	-3.38832e+10	1.3987e-06	0	
2	1	1	1	6	-2.59164e+10	8.2992e-07	0	
2	2	1	1	5	-2.91206e+10	9.2209e-07	0	
2	6	1	1	2	-3.23176e+10	1.2884e-06	0	
2	6	1	1	6	-3.23176e+10	1.2884e-06	0	
2	4	1	1	3	-3.06236e+10	1.0899e-06	0	
2	5	1	1	4	-3.14228e+10	1.1853e-06	0	
2	5	1	1	4	-3.14228e+10	1.1853e-06	0	
2	3	1	1	4	-2.96061e+10	1.0022e-06	0	
2	4	1	1	3	-3.06236e+10	1.0899e-06	0	
2	2	1	1	5	-2.91206e+10	9.2209e-07	0	
2	3	1	1	4	-2.96061e+10	1.0022e-06	0	
2	4	1	1	3	-3.06236e+10	1.0899e-06	0	
2	4	1	1	3	-3.06236e+10	1.0899e-06	0	
2	4	1	1	3	-3.06236e+10	1.0899e-06	0	
2	4	1	1	3	-3.06236e+10	1.0899e-06	0	
2	4	1	1	3	-3.06236e+10	1.0899e-06	0	
2	4	1	1	3	-3.06236e+10	1.0899e-06	0	
2	7	1	1	3	-3.38832e+10	1.3987e-06	0	
2	4	1	1	3	-3.06236e+10	1.0899e-06	0	
2	7	1	1	3	-3.38832e+10	1.3987e-06	0	
2	4	1	1	3	-3.06236e+10	1.0899e-06	0	
2	6	1	1	2	-3.23176e+10	1.2884e-06	0	
2	7	1	1	3	-3.38832e+10	1.3987e-06	0	
2	3	1	1	4	-2.96061e+10	1.0022e-06	0	
2	2	1	1	5	-2.91206e+10	9.2209e-07	0	
2	6	1	1	6	-3.23176e+10	1.2884e-06	0	
2	6	1	1	6	-3.23176e+10	1.2884e-06	0	
2	6	1	1	6	-3.23176e+10	1.2884e-06	0	
2	4	1	1	3	-3.06236e+10	1.0899e-06	0	
2	4	1	1	3	-3.06236e+10	1.0899e-06	0	
2	6	1	1	2	-3.23176e+10	1.2884e-06	0	
2	4	1	1	3	-3.06236e+10	1.0899e-06	0	
2	6	1	1	6	-3.23176e+10	1.2884e-06	0	
2	6	1	1	2	-3.23176e+10	1.2884e-06	0	
2	6	1	1	6	-3.23176e+10	1.2884e-06	0	
2	4	1	1	3	-3.06236e+10	1.0899e-06	0	
2	4	1	1	3	-3.06236e+10	1.0899e-06	0	
2	6	1	1	6	-3.23176e+10	1.2884e-06	0	
2	4	1	1	3	-3.06236e+10	1.0899e-06	0	
2	4	1	1	3	-3.06236e+10	1.0899e-06	0	
2	6	1	1	2	-3.23176e+10	1.2884e-06	0	
2	4	1	1	3	-3.06236e+10	1.0899e-06	0	
2	4	1	1	3	-3.06236e+10	1.0899e-06	0	
2	4	1	1	3	-3.06236e+10	1.0899e-06	0	
2	4	1	1	3	-3.06236e+10	1.0899e-06	0	
2	5	1	1	4	-3.14228e+10	1.1853e-06	0	
2	4	1	1	3	-3.06236e+10	1.0899e-06	0	



#Generation 10 / 30
currentGen	10
evaluateCount	500
totalTime	447744
firstFrontCount	50
frontCount	1
avgEvalTime	29.6465
#end
Var1	Var2	Var3	Var4	Var5	Obj1	Obj2	Cons1	
2	7	1	1	3	-3.38832e+10	1.3987e-06	0	
2	1	1	1	6	-2.59164e+10	8.2992e-07	0	
2	1	1	1	6	-2.59164e+10	8.2992e-07	0	
2	7	1	1	3	-3.38832e+10	1.3987e-06	0	
2	2	1	1	5	-2.91206e+10	9.2209e-07	0	
2	6	1	1	2	-3.23176e+10	1.2884e-06	0	
2	6	1	1	2	-3.23176e+10	1.2884e-06	0	
2	4	1	1	3	-3.06236e+10	1.0899e-06	0	
2	5	1	1	4	-3.14228e+10	1.1853e-06	0	
2	5	1	1	4	-3.14228e+10	1.1853e-06	0	
2	3	1	1	4	-2.96061e+10	1.0022e-06	0	
2	4	1	1	3	-3.06236e+10	1.0899e-06	0	
2	2	1	1	5	-2.91206e+10	9.2209e-07	0	
2	3	1	1	4	-2.96061e+10	1.0022e-06	0	
2	4	1	1	3	-3.06236e+10	1.0899e-06	0	
2	6	1	1	2	-3.23176e+10	1.2884e-06	0	
2	4	1	1	3	-3.06236e+10	1.0899e-06	0	
2	4	1	1	3	-3.06236e+10	1.0899e-06	0	
2	6	1	1	2	-3.23176e+10	1.2884e-06	0	
2	4	1	1	3	-3.06236e+10	1.0899e-06	0	
2	7	1	1	3	-3.38832e+10	1.3987e-06	0	
2	4	1	1	3	-3.06236e+10	1.0899e-06	0	
2	3	1	1	4	-2.96061e+10	1.0022e-06	0	
2	6	1	1	6	-3.23176e+10	1.2884e-06	0	
2	6	1	1	6	-3.23176e+10	1.2884e-06	0	
2	5	1	1	4	-3.14228e+10	1.1853e-06	0	
2	7	1	1	3	-3.38832e+10	1.3987e-06	0	
2	7	1	1	3	-3.38832e+10	1.3987e-06	0	
2	4	1	1	3	-3.06236e+10	1.0899e-06	0	
2	5	1	1	4	-3.14228e+10	1.1853e-06	0	
2	4	1	1	3	-3.06236e+10	1.0899e-06	0	
2	4	1	1	3	-3.06236e+10	1.0899e-06	0	
2	4	1	1	3	-3.06236e+10	1.0899e-06	0	
2	4	1	1	3	-3.06236e+10	1.0899e-06	0	
2	6	1	1	2	-3.23176e+10	1.2884e-06	0	
2	4	1	1	3	-3.06236e+10	1.0899e-06	0	
2	4	1	1	3	-3.06236e+10	1.0899e-06	0	
2	6	1	1	6	-3.23176e+10	1.2884e-06	0	
2	4	1	1	3	-3.06236e+10	1.0899e-06	0	
2	4	1	1	3	-3.06236e+10	1.0899e-06	0	
2	6	1	1	6	-3.23176e+10	1.2884e-06	0	
2	6	1	1	2	-3.23176e+10	1.2884e-06	0	
2	6	1	1	6	-3.23176e+10	1.2884e-06	0	
2	4	1	1	3	-3.06236e+10	1.0899e-06	0	
2	6	1	1	2	-3.23176e+10	1.2884e-06	0	
2	4	1	1	3	-3.06236e+10	1.0899e-06	0	
2	4	1	1	3	-3.06236e+10	1.0899e-06	0	
2	6	1	1	6	-3.23176e+10	1.2884e-06	0	
2	6	1	1	6	-3.23176e+10	1.2884e-06	0	
2	6	1	1	6	-3.23176e+10	1.2884e-06	0	



#Generation 11 / 30
currentGen	11
evaluateCount	550
totalTime	449326
firstFrontCount	50
frontCount	1
avgEvalTime	31.6281
#end
Var1	Var2	Var3	Var4	Var5	Obj1	Obj2	Cons1	
2	7	1	1	5	-3.38832e+10	1.3987e-06	0	
2	1	1	1	6	-2.59164e+10	8.2992e-07	0	
2	1	1	1	6	-2.59164e+10	8.2992e-07	0	
2	7	1	1	3	-3.38832e+10	1.3987e-06	0	
2	2	1	1	5	-2.91206e+10	9.2209e-07	0	
2	6	1	1	2	-3.23176e+10	1.2884e-06	0	
2	6	1	1	2	-3.23176e+10	1.2884e-06	0	
2	4	1	1	3	-3.06236e+10	1.0899e-06	0	
2	5	1	1	4	-3.14228e+10	1.1853e-06	0	
2	5	1	1	4	-3.14228e+10	1.1853e-06	0	
2	3	1	1	4	-2.96061e+10	1.0022e-06	0	
2	4	1	1	3	-3.06236e+10	1.0899e-06	0	
2	2	1	1	5	-2.91206e+10	9.2209e-07	0	
2	3	1	1	4	-2.96061e+10	1.0022e-06	0	
2	6	1	1	2	-3.23176e+10	1.2884e-06	0	
2	7	1	1	3	-3.38832e+10	1.3987e-06	0	
2	7	1	1	3	-3.38832e+10	1.3987e-06	0	
2	4	1	1	3	-3.06236e+10	1.0899e-06	0	
2	7	1	1	3	-3.38832e+10	1.3987e-06	0	
2	4	1	1	3	-3.06236e+10	1.0899e-06	0	
2	4	1	1	3	-3.06236e+10	1.0899e-06	0	
2	5	1	1	4	-3.14228e+10	1.1853e-06	0	
2	1	1	1	6	-2.59164e+10	8.2992e-07	0	
2	6	1	1	6	-3.23176e+10	1.2884e-06	0	
2	7	1	1	3	-3.38832e+10	1.3987e-06	0	
2	6	1	1	6	-3.23176e+10	1.2884e-06	0	
2	4	1	1	3	-3.06236e+10	1.0899e-06	0	
2	4	1	1	3	-3.06236e+10	1.0899e-06	0	
2	5	1	1	4	-3.14228e+10	1.1853e-06	0	
2	4	1	1	3	-3.06236e+10	1.0899e-06	0	
2	6	1	1	2	-3.23176e+10	1.2884e-06	0	
2	4	1	1	3	-3.06236e+10	1.0899e-06	0	
2	7	1	1	3	-3.38832e+10	1.3987e-06	0	
2	6	1	1	2	-3.23176e+10	1.2884e-06	0	
2	4	1	1	3	-3.06236e+10	1.0899e-06	0	
2	6	1	1	6	-3.23176e+10	1.2884e-06	0	
2	6	1	1	6	-3.23176e+10	1.2884e-06	0	
2	6	1	1	6	-3.23176e+10	1.2884e-06	0	
2	6	1	1	6	-3.23176e+10	1.2884e-06	0	
2	4	1	1	3	-3.06236e+10	1.0899e-06	0	
2	4	1	1	3	-3.06236e+10	1.0899e-06	0	
2	6	1	1	2	-3.23176e+10	1.2884e-06	0	
2	4	1	1	3	-3.06236e+10	1.0899e-06	0	
2	6	1	1	6	-3.23176e+10	1.2884e-06	0	
2	6	1	1	2	-3.23176e+10	1.2884e-06	0	
2	6	1	1	6	-3.23176e+10	1.2884e-06	0	
2	4	1	1	3	-3.06236e+10	1.0899e-06	0	
2	4	1	1	3	-3.06236e+10	1.0899e-06	0	
2	6	1	1	6	-3.23176e+10	1.2884e-06	0	
2	4	1	1	3	-3.06236e+10	1.0899e-06	0	



#Generation 12 / 30
currentGen	12
evaluateCount	600
totalTime	451799
firstFrontCount	50
frontCount	1
avgEvalTime	49.467
#end
Var1	Var2	Var3	Var4	Var5	Obj1	Obj2	Cons1	
2	1	1	1	6	-2.59164e+10	8.2992e-07	0	
2	7	1	1	3	-3.38832e+10	1.3987e-06	0	
2	1	1	1	6	-2.59164e+10	8.2992e-07	0	
2	7	1	1	5	-3.38832e+10	1.3987e-06	0	
2	2	1	1	5	-2.91206e+10	9.2209e-07	0	
2	6	1	1	2	-3.23176e+10	1.2884e-06	0	
2	6	1	1	2	-3.23176e+10	1.2884e-06	0	
2	4	1	1	3	-3.06236e+10	1.0899e-06	0	
2	5	1	1	4	-3.14228e+10	1.1853e-06	0	
2	5	1	1	4	-3.14228e+10	1.1853e-06	0	
2	3	1	1	4	-2.96061e+10	1.0022e-06	0	
2	4	1	1	3	-3.06236e+10	1.0899e-06	0	
2	2	1	1	5	-2.91206e+10	9.2209e-07	0	
2	3	1	1	4	-2.96061e+10	1.0022e-06	0	
2	1	1	1	6	-2.59164e+10	8.2992e-07	0	
2	6	1	1	2	-3.23176e+10	1.2884e-06	0	
2	1	1	1	6	-2.59164e+10	8.2992e-07	0	
2	6	1	1	6	-3.23176e+10	1.2884e-06	0	
2	6	1	1	2	-3.23176e+10	1.2884e-06	0	
2	7	1	1	3	-3.38832e+10	1.3987e-06	0	
2	6	1	1	2	-3.23176e+10	1.2884e-06	0	
2	6	1	1	6	-3.23176e+10	1.2884e-06	0	
2	6	1	1	6	-3.23176e+10	1.2884e-06	0	
2	6	1	1	2	-3.23176e+10	1.2884e-06	0	
2	4	1	1	3	-3.06236e+10	1.0899e-06	0	
2	3	1	1	4	-2.96061e+10	1.0022e-06	0	
2	1	1	1	6	-2.59164e+10	8.2992e-07	0	
2	4	1	1	3	-3.06236e+10	1.0899e-06	0	
2	7	1	1	3	-3.38832e+10	1.3987e-06	0	
2	4	1	1	3	-3.06236e+10	1.0899e-06	0	
2	7	1	1	3	-3.38832e+10	1.3987e-06	0	
2	6	1	1	2	-3.23176e+10	1.2884e-06	0	
2	3	1	1	4	-2.96061e+10	1.0022e-06	0	
2	4	1	1	3	-3.06236e+10	1.0899e-06	0	
2	4	1	1	3	-3.06236e+10	1.0899e-06	0	
2	4	1	1	3	-3.06236e+10	1.0899e-06	0	
2	7	1	1	3	-3.38832e+10	1.3987e-06	0	
2	5	1	1	4	-3.14228e+10	1.1853e-06	0	
2	3	1	1	4	-2.96061e+10	1.0022e-06	0	
2	4	1	1	3	-3.06236e+10	1.0899e-06	0	
2	6	1	1	6	-3.23176e+10	1.2884e-06	0	
2	4	1	1	3	-3.06236e+10	1.0899e-06	0	
2	4	1	1	3	-3.06236e+10	1.0899e-06	0	
2	6	1	1	6	-3.23176e+10	1.2884e-06	0	
2	6	1	1	2	-3.23176e+10	1.2884e-06	0	
2	6	1	1	6	-3.23176e+10	1.2884e-06	0	
2	4	1	1	3	-3.06236e+10	1.0899e-06	0	
2	6	1	1	2	-3.23176e+10	1.2884e-06	0	
2	4	1	1	3	-3.06236e+10	1.0899e-06	0	
2	4	1	1	3	-3.06236e+10	1.0899e-06	0	



#Generation 13 / 30
currentGen	13
evaluateCount	650
totalTime	453446
firstFrontCount	50
frontCount	1
avgEvalTime	32.9126
#end
Var1	Var2	Var3	Var4	Var5	Obj1	Obj2	Cons1	
2	7	1	1	3	-3.38832e+10	1.3987e-06	0	
2	1	1	1	6	-2.59164e+10	8.2992e-07	0	
2	7	1	1	3	-3.38832e+10	1.3987e-06	0	
2	1	1	1	6	-2.59164e+10	8.2992e-07	0	
2	2	1	1	5	-2.91206e+10	9.2209e-07	0	
2	6	1	1	2	-3.23176e+10	1.2884e-06	0	
2	6	1	1	2	-3.23176e+10	1.2884e-06	0	
2	4	1	1	3	-3.06236e+10	1.0899e-06	0	
2	5	1	1	4	-3.14228e+10	1.1853e-06	0	
2	5	1	1	4	-3.14228e+10	1.1853e-06	0	
2	3	1	1	4	-2.96061e+10	1.0022e-06	0	
2	4	1	1	3	-3.06236e+10	1.0899e-06	0	
2	2	1	1	5	-2.91206e+10	9.2209e-07	0	
2	3	1	1	4	-2.96061e+10	1.0022e-06	0	
2	7	1	1	3	-3.38832e+10	1.3987e-06	0	
2	6	1	1	6	-3.23176e+10	1.2884e-06	0	
2	7	1	1	5	-3.38832e+10	1.3987e-06	0	
2	5	1	1	4	-3.14228e+10	1.1853e-06	0	
2	5	1	1	4	-3.14228e+10	1.1853e-06	0	
2	7	1	1	5	-3.38832e+10	1.3987e-06	0	
2	7	1	1	3	-3.38832e+10	1.3987e-06	0	
2	5	1	1	4	-3.14228e+10	1.1853e-06	0	
2	6	1	1	2	-3.23176e+10	1.2884e-06	0	
2	7	1	1	3	-3.38832e+10	1.3987e-06	0	
2	7	1	1	3	-3.38832e+10	1.3987e-06	0	
2	1	1	1	6	-2.59164e+10	8.2992e-07	0	
2	7	1	1	3	-3.38832e+10	1.3987e-06	0	
2	1	1	1	6	-2.59164e+10	8.2992e-07	0	
2	1	1	1	6	-2.59164e+10	8.2992e-07	0	
2	3	1	1	4	-2.96061e+10	1.0022e-06	0	
2	3	1	1	4	-2.96061e+10	1.0022e-06	0	
2	7	1	1	3	-3.38832e+10	1.3987e-06	0	
2	4	1	1	3	-3.06236e+10	1.0899e-06	0	
2	4	1	1	3	-3.06236e+10	1.0899e-06	0	
2	6	1	1	2	-3.23176e+10	1.2884e-06	0	
2	4	1	1	3	-3.06236e+10	1.0899e-06	0	
2	6	1	1	6	-3.23176e+10	1.2884e-06	0	
2	6	1	1	2	-3.23176e+10	1.2884e-06	0	
2	6	1	1	6	-3.23176e+10	1.2884e-06	0	
2	4	1	1	3	-3.06236e+10	1.0899e-06	0	
2	4	1	1	3	-3.06236e+10	1.0899e-06	0	
2	6	1	1	6	-3.23176e+10	1.2884e-06	0	
2	4	1	1	3	-3.06236e+10	1.0899e-06	0	
2	3	1	1	4	-2.96061e+10	1.0022e-06	0	
2	5	1	1	4	-3.14228e+10	1.1853e-06	0	
2	7	1	1	3	-3.38832e+10	1.3987e-06	0	
2	4	1	1	3	-3.06236e+10	1.0899e-06	0	
2	4	1	1	3	-3.06236e+10	1.0899e-06	0	
2	4	1	1	3	-3.06236e+10	1.0899e-06	0	
2	3	1	1	4	-2.96061e+10	1.0022e-06	0	



#Generation 14 / 30
currentGen	14
evaluateCount	700
totalTime	455053
firstFrontCount	50
frontCount	1
avgEvalTime	32.1286
#end
Var1	Var2	Var3	Var4	Var5	Obj1	Obj2	Cons1	
2	7	1	1	3	-3.38832e+10	1.3987e-06	0	
2	1	1	1	6	-2.59164e+10	8.2992e-07	0	
2	1	1	1	6	-2.59164e+10	8.2992e-07	0	
2	7	1	1	3	-3.38832e+10	1.3987e-06	0	
2	2	1	1	5	-2.91206e+10	9.2209e-07	0	
2	6	1	1	2	-3.23176e+10	1.2884e-06	0	
2	6	1	1	2	-3.23176e+10	1.2884e-06	0	
2	4	1	1	3	-3.06236e+10	1.0899e-06	0	
2	5	1	1	4	-3.14228e+10	1.1853e-06	0	
2	5	1	1	4	-3.14228e+10	1.1853e-06	0	
2	3	1	1	4	-2.96061e+10	1.0022e-06	0	
2	4	1	1	3	-3.06236e+10	1.0899e-06	0	
2	2	1	1	5	-2.91206e+10	9.2209e-07	0	
2	3	1	1	4	-2.96061e+10	1.0022e-06	0	
2	4	1	1	3	-3.06236e+10	1.0899e-06	0	
2	7	1	1	3	-3.38832e+10	1.3987e-06	0	
2	6	1	1	2	-3.23176e+10	1.2884e-06	0	
2	6	1	1	6	-3.23176e+10	1.2884e-06	0	
2	7	1	1	3	-3.38832e+10	1.3987e-06	0	
2	4	1	1	3	-3.06236e+10	1.0899e-06	0	
2	7	1	1	3	-3.38832e+10	1.3987e-06	0	
2	6	1	1	6	-3.23176e+10	1.2884e-06	0	
2	2	1	1	5	-2.91206e+10	9.2209e-07	0	
2	4	1	1	3	-3.06236e+10	1.0899e-06	0	
2	4	1	1	3	-3.06236e+10	1.0899e-06	0	
2	4	1	1	3	-3.06236e+10	1.0899e-06	0	
2	7	1	1	3	-3.38832e+10	1.3987e-06	0	
2	5	1	1	4	-3.14228e+10	1.1853e-06	0	
2	3	1	1	4	-2.96061e+10	1.0022e-06	0	
2	4	1	1	3	-3.06236e+10	1.0899e-06	0	
2	6	1	1	6	-3.23176e+10	1.2884e-06	0	
2	4	1	1	3	-3.06236e+10	1.0899e-06	0	
2	4	1	1	3	-3.06236e+10	1.0899e-06	0	
2	6	1	1	6	-3.23176e+10	1.2884e-06	0	
2	6	1	1	2	-3.23176e+10	1.2884e-06	0	
2	6	1	1	6	-3.23176e+10	1.2884e-06	0	
2	4	1	1	3	-3.06236e+10	1.0899e-06	0	
2	6	1	1	2	-3.23176e+10	1.2884e-06	0	
2	4	1	1	3	-3.06236e+10	1.0899e-06	0	
2	4	1	1	3	-3.06236e+10	1.0899e-06	0	
2	7	1	1	3	-3.38832e+10	1.3987e-06	0	
2	3	1	1	4	-2.96061e+10	1.0022e-06	0	
2	3	1	1	4	-2.96061e+10	1.0022e-06	0	
2	1	1	1	6	-2.59164e+10	8.2992e-07	0	
2	1	1	1	6	-2.59164e+10	8.2992e-07	0	
2	7	1	1	3	-3.38832e+10	1.3987e-06	0	
2	1	1	1	6	-2.59164e+10	8.2992e-07	0	
2	7	1	1	3	-3.38832e+10	1.3987e-06	0	
2	7	1	1	3	-3.38832e+10	1.3987e-06	0	
2	6	1	1	2	-3.23176e+10	1.2884e-06	0	



#Generation 15 / 30
currentGen	15
evaluateCount	750
totalTime	456545
firstFrontCount	50
frontCount	1
avgEvalTime	29.8518
#end
Var1	Var2	Var3	Var4	Var5	Obj1	Obj2	Cons1	
2	7	1	1	3	-3.38832e+10	1.3987e-06	0	
2	1	1	1	6	-2.59164e+10	8.2992e-07	0	
2	1	1	1	6	-2.59164e+10	8.2992e-07	0	
2	7	1	1	3	-3.38832e+10	1.3987e-06	0	
2	2	1	1	5	-2.91206e+10	9.2209e-07	0	
2	6	1	1	2	-3.23176e+10	1.2884e-06	0	
2	6	1	1	2	-3.23176e+10	1.2884e-06	0	
2	4	1	1	3	-3.06236e+10	1.0899e-06	0	
2	5	1	1	4	-3.14228e+10	1.1853e-06	0	
2	5	1	1	4	-3.14228e+10	1.1853e-06	0	
2	3	1	1	4	-2.96061e+10	1.0022e-06	0	
2	4	1	1	3	-3.06236e+10	1.0899e-06	0	
2	2	1	1	5	-2.91206e+10	9.2209e-07	0	
2	3	1	1	4	-2.96061e+10	1.0022e-06	0	
2	6	1	1	2	-3.23176e+10	1.2884e-06	0	
2	6	1	1	2	-3.23176e+10	1.2884e-06	0	
2	7	1	1	3	-3.38832e+10	1.3987e-06	0	
2	7	1	1	5	-3.38832e+10	1.3987e-06	0	
2	4	1	1	3	-3.06236e+10	1.0899e-06	0	
2	6	1	1	2	-3.23176e+10	1.2884e-06	0	
2	6	1	1	6	-3.23176e+10	1.2884e-06	0	
2	4	1	1	3	-3.06236e+10	1.0899e-06	0	
2	6	1	1	6	-3.23176e+10	1.2884e-06	0	
2	4	1	1	3	-3.06236e+10	1.0899e-06	0	
2	7	1	1	3	-3.38832e+10	1.3987e-06	0	
2	7	1	1	3	-3.38832e+10	1.3987e-06	0	
2	1	1	1	6	-2.59164e+10	8.2992e-07	0	
2	7	1	1	3	-3.38832e+10	1.3987e-06	0	
2	1	1	1	6	-2.59164e+10	8.2992e-07	0	
2	6	1	1	2	-3.23176e+10	1.2884e-06	0	
2	7	1	1	3	-3.38832e+10	1.3987e-06	0	
2	4	1	1	3	-3.06236e+10	1.0899e-06	0	
2	5	1	1	4	-3.14228e+10	1.1853e-06	0	
2	4	1	1	3	-3.06236e+10	1.0899e-06	0	
2	6	1	1	2	-3.23176e+10	1.2884e-06	0	
2	7	1	1	3	-3.38832e+10	1.3987e-06	0	
2	7	1	1	3	-3.38832e+10	1.3987e-06	0	
2	1	1	1	6	-2.59164e+10	8.2992e-07	0	
2	7	1	1	3	-3.38832e+10	1.3987e-06	0	
2	1	1	1	6	-2.59164e+10	8.2992e-07	0	
2	1	1	1	6	-2.59164e+10	8.2992e-07	0	
2	3	1	1	4	-2.96061e+10	1.0022e-06	0	
2	3	1	1	4	-2.96061e+10	1.0022e-06	0	
2	7	1	1	3	-3.38832e+10	1.3987e-06	0	
2	4	1	1	3	-3.06236e+10	1.0899e-06	0	
2	4	1	1	3	-3.06236e+10	1.0899e-06	0	
2	6	1	1	2	-3.23176e+10	1.2884e-06	0	
2	4	1	1	3	-3.06236e+10	1.0899e-06	0	
2	6	1	1	6	-3.23176e+10	1.2884e-06	0	
2	6	1	1	2	-3.23176e+10	1.2884e-06	0	



#Generation 16 / 30
currentGen	16
evaluateCount	800
totalTime	457915
firstFrontCount	50
frontCount	1
avgEvalTime	27.3895
#end
Var1	Var2	Var3	Var4	Var5	Obj1	Obj2	Cons1	
2	7	1	1	3	-3.38832e+10	1.3987e-06	0	
2	1	1	1	6	-2.59164e+10	8.2992e-07	0	
2	1	1	1	6	-2.59164e+10	8.2992e-07	0	
2	7	1	1	3	-3.38832e+10	1.3987e-06	0	
2	2	1	1	5	-2.91206e+10	9.2209e-07	0	
2	6	1	1	2	-3.23176e+10	1.2884e-06	0	
2	6	1	1	2	-3.23176e+10	1.2884e-06	0	
2	4	1	1	3	-3.06236e+10	1.0899e-06	0	
2	5	1	1	4	-3.14228e+10	1.1853e-06	0	
2	5	1	1	4	-3.14228e+10	1.1853e-06	0	
2	3	1	1	4	-2.96061e+10	1.0022e-06	0	
2	4	1	1	3	-3.06236e+10	1.0899e-06	0	
2	2	1	1	5	-2.91206e+10	9.2209e-07	0	
2	3	1	1	4	-2.96061e+10	1.0022e-06	0	
2	4	1	1	3	-3.06236e+10	1.0899e-06	0	
2	4	1	1	3	-3.06236e+10	1.0899e-06	0	
2	4	1	1	3	-3.06236e+10	1.0899e-06	0	
2	7	1	1	3	-3.38832e+10	1.3987e-06	0	
2	3	1	1	4	-2.96061e+10	1.0022e-06	0	
2	4	1	1	3	-3.06236e+10	1.0899e-06	0	
2	3	1	1	4	-2.96061e+10	1.0022e-06	0	
2	7	1	1	3	-3.38832e+10	1.3987e-06	0	
2	4	1	1	3	-3.06236e+10	1.0899e-06	0	
2	4	1	1	3	-3.06236e+10	1.0899e-06	0	
2	3	1	1	4	-2.96061e+10	1.0022e-06	0	
2	7	1	1	3	-3.38832e+10	1.3987e-06	0	
2	4	1	1	3	-3.06236e+10	1.0899e-06	0	
2	6	1	1	2	-3.23176e+10	1.2884e-06	0	
2	6	1	1	6	-3.23176e+10	1.2884e-06	0	
2	4	1	1	3	-3.06236e+10	1.0899e-06	0	
2	6	1	1	2	-3.23176e+10	1.2884e-06	0	
2	4	1	1	3	-3.06236e+10	1.0899e-06	0	
2	4	1	1	3	-3.06236e+10	1.0899e-06	0	
2	7	1	1	3	-3.38832e+10	1.3987e-06	0	
2	3	1	1	4	-2.96061e+10	1.0022e-06	0	
2	3	1	1	4	-2.96061e+10	1.0022e-06	0	
2	1	1	1	6	-2.59164e+10	8.2992e-07	0	
2	7	1	1	3	-3.38832e+10	1.3987e-06	0	
2	1	1	1	6	-2.59164e+10	8.2992e-07	0	
2	7	1	1	3	-3.38832e+10	1.3987e-06	0	
2	7	1	1	3	-3.38832e+10	1.3987e-06	0	
2	6	1	1	2	-3.23176e+10	1.2884e-06	0	
2	4	1	1	3	-3.06236e+10	1.0899e-06	0	
2	5	1	1	4	-3.14228e+10	1.1853e-06	0	
2	4	1	1	3	-3.06236e+10	1.0899e-06	0	
2	7	1	1	3	-3.38832e+10	1.3987e-06	0	
2	6	1	1	2	-3.23176e+10	1.2884e-06	0	
2	1	1	1	6	-2.59164e+10	8.2992e-07	0	
2	7	1	1	3	-3.38832e+10	1.3987e-06	0	
2	1	1	1	6	-2.59164e+10	8.2992e-07	0	



#Generation 17 / 30
currentGen	17
evaluateCount	850
totalTime	459939
firstFrontCount	50
frontCount	1
avgEvalTime	40.4855
#end
Var1	Var2	Var3	Var4	Var5	Obj1	Obj2	Cons1	
2	1	1	1	6	-2.59164e+10	8.2992e-07	0	
2	7	1	1	5	-3.38832e+10	1.3987e-06	0	
2	1	1	1	6	-2.59164e+10	8.2992e-07	0	
2	7	1	1	3	-3.38832e+10	1.3987e-06	0	
2	2	1	1	5	-2.91206e+10	9.2209e-07	0	
2	6	1	1	2	-3.23176e+10	1.2884e-06	0	
2	6	1	1	2	-3.23176e+10	1.2884e-06	0	
2	4	1	1	3	-3.06236e+10	1.0899e-06	0	
2	5	1	1	4	-3.14228e+10	1.1853e-06	0	
2	5	1	1	4	-3.14228e+10	1.1853e-06	0	
2	3	1	1	4	-2.96061e+10	1.0022e-06	0	
2	4	1	1	3	-3.06236e+10	1.0899e-06	0	
2	2	1	1	5	-2.91206e+10	9.2209e-07	0	
2	3	1	1	4	-2.96061e+10	1.0022e-06	0	
2	1	1	1	6	-2.59164e+10	8.2992e-07	0	
2	7	1	1	3	-3.38832e+10	1.3987e-06	0	
2	7	1	1	3	-3.38832e+10	1.3987e-06	0	
2	1	1	1	6	-2.59164e+10	8.2992e-07	0	
2	1	1	1	6	-2.59164e+10	8.2992e-07	0	
2	3	1	1	4	-2.96061e+10	1.0022e-06	0	
2	1	1	1	6	-2.59164e+10	8.2992e-07	0	
2	3	1	1	4	-2.96061e+10	1.0022e-06	0	
2	4	1	1	3	-3.06236e+10	1.0899e-06	0	
2	4	1	1	3	-3.06236e+10	1.0899e-06	0	
2	3	1	1	4	-2.96061e+10	1.0022e-06	0	
2	1	1	1	6	-2.59164e+10	8.2992e-07	0	
2	4	1	1	3	-3.06236e+10	1.0899e-06	0	
2	3	1	1	4	-2.96061e+10	1.0022e-06	0	
2	4	1	1	3	-3.06236e+10	1.0899e-06	0	
2	3	1	1	4	-2.96061e+10	1.0022e-06	0	
2	3	1	1	4	-2.96061e+10	1.0022e-06	0	
2	7	1	1	3	-3.38832e+10	1.3987e-06	0	
2	7	1	1	5	-3.38832e+10	1.3987e-06	0	
2	5	1	1	4	-3.14228e+10	1.1853e-06	0	
2	7	1	1	3	-3.38832e+10	1.3987e-06	0	
2	6	1	1	2	-3.23176e+10	1.2884e-06	0	
2	3	1	1	4	-2.96061e+10	1.0022e-06	0	
2	1	1	1	6	-2.59164e+10	8.2992e-07	0	
2	7	1	1	3	-3.38832e+10	1.3987e-06	0	
2	1	1	1	6	-2.59164e+10	8.2992e-07	0	
2	6	1	1	2	-3.23176e+10	1.2884e-06	0	
2	7	1	1	3	-3.38832e+10	1.3987e-06	0	
2	4	1	1	3	-3.06236e+10	1.0899e-06	0	
2	5	1	1	4	-3.14228e+10	1.1853e-06	0	
2	4	1	1	3	-3.06236e+10	1.0899e-06	0	
2	6	1	1	2	-3.23176e+10	1.2884e-06	0	
2	7	1	1	3	-3.38832e+10	1.3987e-06	0	
2	7	1	1	3	-3.38832e+10	1.3987e-06	0	
2	1	1	1	6	-2.59164e+10	8.2992e-07	0	
2	7	1	1	3	-3.38832e+10	1.3987e-06	0	



#Generation 18 / 30
currentGen	18
evaluateCount	900
totalTime	461480
firstFrontCount	50
frontCount	1
avgEvalTime	30.8165
#end
Var1	Var2	Var3	Var4	Var5	Obj1	Obj2	Cons1	
2	1	1	1	6	-2.59164e+10	8.2992e-07	0	
2	7	1	1	5	-3.38832e+10	1.3987e-06	0	
2	7	1	1	5	-3.38832e+10	1.3987e-06	0	
2	1	1	1	6	-2.59164e+10	8.2992e-07	0	
2	2	1	1	5	-2.91206e+10	9.2209e-07	0	
2	6	1	1	2	-3.23176e+10	1.2884e-06	0	
2	6	1	1	2	-3.23176e+10	1.2884e-06	0	
2	4	1	1	3	-3.06236e+10	1.0899e-06	0	
2	5	1	1	4	-3.14228e+10	1.1853e-06	0	
2	5	1	1	4	-3.14228e+10	1.1853e-06	0	
2	3	1	1	4	-2.96061e+10	1.0022e-06	0	
2	4	1	1	3	-3.06236e+10	1.0899e-06	0	
2	2	1	1	5	-2.91206e+10	9.2209e-07	0	
2	3	1	1	4	-2.96061e+10	1.0022e-06	0	
2	5	1	1	4	-3.14228e+10	1.1853e-06	0	
2	7	1	1	5	-3.38832e+10	1.3987e-06	0	
2	7	1	1	5	-3.38832e+10	1.3987e-06	0	
2	6	1	1	2	-3.23176e+10	1.2884e-06	0	
2	4	1	1	3	-3.06236e+10	1.0899e-06	0	
2	7	1	1	3	-3.38832e+10	1.3987e-06	0	
2	7	1	1	3	-3.38832e+10	1.3987e-06	0	
2	4	1	1	3	-3.06236e+10	1.0899e-06	0	
2	7	1	1	3	-3.38832e+10	1.3987e-06	0	
2	7	1	1	3	-3.38832e+10	1.3987e-06	0	
2	4	1	1	3	-3.06236e+10	1.0899e-06	0	
2	6	1	1	2	-3.23176e+10	1.2884e-06	0	
2	1	1	1	6	-2.59164e+10	8.2992e-07	0	
2	2	1	1	5	-2.91206e+10	9.2209e-07	0	
2	7	1	1	3	-3.38832e+10	1.3987e-06	0	
2	2	1	1	5	-2.91206e+10	9.2209e-07	0	
2	4	1	1	3	-3.06236e+10	1.0899e-06	0	
2	7	1	1	3	-3.38832e+10	1.3987e-06	0	
2	3	1	1	4	-2.96061e+10	1.0022e-06	0	
2	6	1	1	2	-3.23176e+10	1.2884e-06	0	
2	7	1	1	3	-3.38832e+10	1.3987e-06	0	
2	5	1	1	4	-3.14228e+10	1.1853e-06	0	
2	7	1	1	3	-3.38832e+10	1.3987e-06	0	
2	7	1	1	3	-3.38832e+10	1.3987e-06	0	
2	1	1	1	6	-2.59164e+10	8.2992e-07	0	
2	7	1	1	3	-3.38832e+10	1.3987e-06	0	
2	7	1	1	3	-3.38832e+10	1.3987e-06	0	
2	6	1	1	2	-3.23176e+10	1.2884e-06	0	
2	4	1	1	3	-3.06236e+10	1.0899e-06	0	
2	5	1	1	4	-3.14228e+10	1.1853e-06	0	
2	4	1	1	3	-3.06236e+10	1.0899e-06	0	
2	7	1	1	3	-3.38832e+10	1.3987e-06	0	
2	6	1	1	2	-3.23176e+10	1.2884e-06	0	
2	1	1	1	6	-2.59164e+10	8.2992e-07	0	
2	7	1	1	3	-3.38832e+10	1.3987e-06	0	
2	1	1	1	6	-2.59164e+10	8.2992e-07	0	



#Generation 19 / 30
currentGen	19
evaluateCount	950
totalTime	463120
firstFrontCount	50
frontCount	1
avgEvalTime	32.796
#end
Var1	Var2	Var3	Var4	Var5	Obj1	Obj2	Cons1	
2	7	1	1	3	-3.38832e+10	1.3987e-06	0	
2	1	1	1	6	-2.59164e+10	8.2992e-07	0	
2	7	1	1	5	-3.38832e+10	1.3987e-06	0	
2	1	1	1	6	-2.59164e+10	8.2992e-07	0	
2	2	1	1	5	-2.91206e+10	9.2209e-07	0	
2	6	1	1	2	-3.23176e+10	1.2884e-06	0	
2	6	1	1	2	-3.23176e+10	1.2884e-06	0	
2	4	1	1	3	-3.06236e+10	1.0899e-06	0	
2	5	1	1	4	-3.14228e+10	1.1853e-06	0	
2	5	1	1	4	-3.14228e+10	1.1853e-06	0	
2	3	1	1	4	-2.96061e+10	1.0022e-06	0	
2	4	1	1	3	-3.06236e+10	1.0899e-06	0	
2	2	1	1	5	-2.91206e+10	9.2209e-07	0	
2	3	1	1	4	-2.96061e+10	1.0022e-06	0	
2	5	1	1	4	-3.14228e+10	1.1853e-06	0	
2	5	1	1	4	-3.14228e+10	1.1853e-06	0	
2	4	1	1	3	-3.06236e+10	1.0899e-06	0	
2	1	1	1	6	-2.59164e+10	8.2992e-07	0	
2	7	1	1	3	-3.38832e+10	1.3987e-06	0	
2	4	1	1	3	-3.06236e+10	1.0899e-06	0	
2	7	1	1	3	-3.38832e+10	1.3987e-06	0	
2	7	1	1	5	-3.38832e+10	1.3987e-06	0	
2	5	1	1	4	-3.14228e+10	1.1853e-06	0	
2	7	1	1	3	-3.38832e+10	1.3987e-06	0	
2	4	1	1	3	-3.06236e+10	1.0899e-06	0	
2	4	1	1	3	-3.06236e+10	1.0899e-06	0	
2	1	1	1	6	-2.59164e+10	8.2992e-07	0	
2	4	1	1	3	-3.06236e+10	1.0899e-06	0	
2	7	1	1	3	-3.38832e+10	1.3987e-06	0	
2	2	1	1	5	-2.91206e+10	9.2209e-07	0	
2	4	1	1	3	-3.06236e+10	1.0899e-06	0	
2	4	1	1	3	-3.06236e+10	1.0899e-06	0	
2	5	1	1	4	-3.14228e+10	1.1853e-06	0	
2	1	1	1	6	-2.59164e+10	8.2992e-07	0	
2	4	1	1	3	-3.06236e+10	1.0899e-06	0	
2	1	1	1	6	-2.59164e+10	8.2992e-07	0	
2	7	1	1	5	-3.38832e+10	1.3987e-06	0	
2	7	1	1	3	-3.38832e+10	1.3987e-06	0	
2	7	1	1	3	-3.38832e+10	1.3987e-06	0	
2	3	1	1	4	-2.96061e+10	1.0022e-06	0	
2	5	1	1	4	-3.14228e+10	1.1853e-06	0	
2	4	1	1	3	-3.06236e+10	1.0899e-06	0	
2	4	1	1	3	-3.06236e+10	1.0899e-06	0	
2	1	1	1	6	-2.59164e+10	8.2992e-07	0	
2	7	1	1	3	-3.38832e+10	1.3987e-06	0	
2	1	1	1	6	-2.59164e+10	8.2992e-07	0	
2	6	1	1	2	-3.23176e+10	1.2884e-06	0	
2	7	1	1	3	-3.38832e+10	1.3987e-06	0	
2	4	1	1	3	-3.06236e+10	1.0899e-06	0	
2	5	1	1	4	-3.14228e+10	1.1853e-06	0	



#Generation 20 / 30
currentGen	20
evaluateCount	1000
totalTime	464935
firstFrontCount	50
frontCount	1
avgEvalTime	36.2927
#end
Var1	Var2	Var3	Var4	Var5	Obj1	Obj2	Cons1	
2	7	1	1	3	-3.38832e+10	1.3987e-06	0	
2	1	1	1	6	-2.59164e+10	8.2992e-07	0	
2	1	1	1	6	-2.59164e+10	8.2992e-07	0	
2	7	1	1	3	-3.38832e+10	1.3987e-06	0	
2	2	1	1	5	-2.91206e+10	9.2209e-07	0	
2	6	1	1	2	-3.23176e+10	1.2884e-06	0	
2	6	1	1	2	-3.23176e+10	1.2884e-06	0	
2	4	1	1	3	-3.06236e+10	1.0899e-06	0	
2	5	1	1	4	-3.14228e+10	1.1853e-06	0	
2	5	1	1	4	-3.14228e+10	1.1853e-06	0	
2	3	1	1	4	-2.96061e+10	1.0022e-06	0	
2	4	1	1	3	-3.06236e+10	1.0899e-06	0	
2	2	1	1	5	-2.91206e+10	9.2209e-07	0	
2	3	1	1	4	-2.96061e+10	1.0022e-06	0	
2	7	1	1	3	-3.38832e+10	1.3987e-06	0	
2	4	1	1	3	-3.06236e+10	1.0899e-06	0	
2	4	1	1	3	-3.06236e+10	1.0899e-06	0	
2	4	1	1	3	-3.06236e+10	1.0899e-06	0	
2	1	1	1	6	-2.59164e+10	8.2992e-07	0	
2	4	1	1	3	-3.06236e+10	1.0899e-06	0	
2	7	1	1	5	-3.38832e+10	1.3987e-06	0	
2	5	1	1	4	-3.14228e+10	1.1853e-06	0	
2	1	1	1	6	-2.59164e+10	8.2992e-07	0	
2	1	1	1	6	-2.59164e+10	8.2992e-07	0	
2	4	1	1	3	-3.06236e+10	1.0899e-06	0	
2	3	1	1	4	-2.96061e+10	1.0022e-06	0	
2	1	1	1	6	-2.59164e+10	8.2992e-07	0	
2	7	1	1	3	-3.38832e+10	1.3987e-06	0	
2	1	1	1	6	-2.59164e+10	8.2992e-07	0	
2	1	1	1	6	-2.59164e+10	8.2992e-07	0	
2	5	1	1	4	-3.14228e+10	1.1853e-06	0	
2	4	1	1	3	-3.06236e+10	1.0899e-06	0	
2	7	1	1	3	-3.38832e+10	1.3987e-06	0	
2	6	1	1	2	-3.23176e+10	1.2884e-06	0	
2	1	1	1	6	-2.59164e+10	8.2992e-07	0	
2	7	1	1	3	-3.38832e+10	1.3987e-06	0	
2	1	1	1	6	-2.59164e+10	8.2992e-07	0	
2	4	1	1	3	-3.06236e+10	1.0899e-06	0	
2	4	1	1	3	-3.06236e+10	1.0899e-06	0	
2	5	1	1	4	-3.14228e+10	1.1853e-06	0	
2	3	1	1	4	-2.96061e+10	1.0022e-06	0	
2	7	1	1	3	-3.38832e+10	1.3987e-06	0	
2	7	1	1	3	-3.38832e+10	1.3987e-06	0	
2	7	1	1	5	-3.38832e+10	1.3987e-06	0	
2	1	1	1	6	-2.59164e+10	8.2992e-07	0	
2	4	1	1	3	-3.06236e+10	1.0899e-06	0	
2	1	1	1	6	-2.59164e+10	8.2992e-07	0	
2	5	1	1	4	-3.14228e+10	1.1853e-06	0	
2	4	1	1	3	-3.06236e+10	1.0899e-06	0	
2	4	1	1	3	-3.06236e+10	1.0899e-06	0	



#Generation 21 / 30
currentGen	21
evaluateCount	1050
totalTime	466994
firstFrontCount	50
frontCount	1
avgEvalTime	41.1712
#end
Var1	Var2	Var3	Var4	Var5	Obj1	Obj2	Cons1	
2	1	1	1	6	-2.59164e+10	8.2992e-07	0	
2	7	1	1	3	-3.38832e+10	1.3987e-06	0	
2	1	1	1	6	-2.59164e+10	8.2992e-07	0	
2	7	1	1	3	-3.38832e+10	1.3987e-06	0	
2	2	1	1	5	-2.91206e+10	9.2209e-07	0	
2	6	1	1	2	-3.23176e+10	1.2884e-06	0	
2	6	1	1	6	-3.23176e+10	1.2884e-06	0	
2	4	1	1	3	-3.06236e+10	1.0899e-06	0	
2	5	1	1	4	-3.14228e+10	1.1853e-06	0	
2	5	1	1	4	-3.14228e+10	1.1853e-06	0	
2	3	1	1	4	-2.96061e+10	1.0022e-06	0	
2	4	1	1	3	-3.06236e+10	1.0899e-06	0	
2	2	1	1	5	-2.91206e+10	9.2209e-07	0	
2	3	1	1	4	-2.96061e+10	1.0022e-06	0	
2	1	1	1	6	-2.59164e+10	8.2992e-07	0	
2	1	1	1	6	-2.59164e+10	8.2992e-07	0	
2	4	1	1	3	-3.06236e+10	1.0899e-06	0	
2	1	1	1	6	-2.59164e+10	8.2992e-07	0	
2	1	1	1	6	-2.59164e+10	8.2992e-07	0	
2	1	1	1	6	-2.59164e+10	8.2992e-07	0	
2	1	1	1	6	-2.59164e+10	8.2992e-07	0	
2	1	1	1	6	-2.59164e+10	8.2992e-07	0	
2	4	1	1	3	-3.06236e+10	1.0899e-06	0	
2	6	1	1	2	-3.23176e+10	1.2884e-06	0	
2	7	1	1	5	-3.38832e+10	1.3987e-06	0	
2	7	1	1	3	-3.38832e+10	1.3987e-06	0	
2	7	1	1	5	-3.38832e+10	1.3987e-06	0	
2	1	1	1	6	-2.59164e+10	8.2992e-07	0	
2	4	1	1	3	-3.06236e+10	1.0899e-06	0	
2	5	1	1	4	-3.14228e+10	1.1853e-06	0	
2	5	1	1	4	-3.14228e+10	1.1853e-06	0	
2	7	1	1	3	-3.38832e+10	1.3987e-06	0	
2	7	1	1	3	-3.38832e+10	1.3987e-06	0	
2	4	1	1	3	-3.06236e+10	1.0899e-06	0	
2	4	1	1	3	-3.06236e+10	1.0899e-06	0	
2	3	1	1	4	-2.96061e+10	1.0022e-06	0	
2	1	1	1	6	-2.59164e+10	8.2992e-07	0	
2	1	1	1	6	-2.59164e+10	8.2992e-07	0	
2	4	1	1	3	-3.06236e+10	1.0899e-06	0	
2	1	1	1	6	-2.59164e+10	8.2992e-07	0	
2	4	1	1	3	-3.06236e+10	1.0899e-06	0	
2	4	1	1	3	-3.06236e+10	1.0899e-06	0	
2	5	1	1	4	-3.14228e+10	1.1853e-06	0	
2	1	1	1	6	-2.59164e+10	8.2992e-07	0	
2	4	1	1	3	-3.06236e+10	1.0899e-06	0	
2	1	1	1	6	-2.59164e+10	8.2992e-07	0	
2	7	1	1	5	-3.38832e+10	1.3987e-06	0	
2	7	1	1	3	-3.38832e+10	1.3987e-06	0	
2	7	1	1	3	-3.38832e+10	1.3987e-06	0	
2	3	1	1	4	-2.96061e+10	1.0022e-06	0	



#Generation 22 / 30
currentGen	22
evaluateCount	1100
totalTime	468710
firstFrontCount	50
frontCount	1
avgEvalTime	34.3208
#end
Var1	Var2	Var3	Var4	Var5	Obj1	Obj2	Cons1	
2	7	1	1	3	-3.38832e+10	1.3987e-06	0	
2	1	1	1	6	-2.59164e+10	8.2992e-07	0	
2	7	1	1	3	-3.38832e+10	1.3987e-06	0	
2	1	1	1	6	-2.59164e+10	8.2992e-07	0	
2	2	1	1	5	-2.91206e+10	9.2209e-07	0	
2	6	1	1	2	-3.23176e+10	1.2884e-06	0	
2	6	1	1	2	-3.23176e+10	1.2884e-06	0	
2	4	1	1	3	-3.06236e+10	1.0899e-06	0	
2	5	1	1	4	-3.14228e+10	1.1853e-06	0	
2	5	1	1	4	-3.14228e+10	1.1853e-06	0	
2	3	1	1	4	-2.96061e+10	1.0022e-06	0	
2	4	1	1	3	-3.06236e+10	1.0899e-06	0	
2	2	1	1	5	-2.91206e+10	9.2209e-07	0	
2	3	1	1	4	-2.96061e+10	1.0022e-06	0	
2	1	1	1	6	-2.59164e+10	8.2992e-07	0	
2	4	1	1	3	-3.06236e+10	1.0899e-06	0	
2	4	1	1	3	-3.06236e+10	1.0899e-06	0	
2	4	1	1	3	-3.06236e+10	1.0899e-06	0	
2	3	1	1	4	-2.96061e+10	1.0022e-06	0	
2	3	1	1	4	-2.96061e+10	1.0022e-06	0	
2	4	1	1	3	-3.06236e+10	1.0899e-06	0	
2	3	1	1	4	-2.96061e+10	1.0022e-06	0	
2	7	1	1	5	-3.38832e+10	1.3987e-06	0	
2	7	1	1	3	-3.38832e+10	1.3987e-06	0	
2	1	1	1	6	-2.59164e+10	8.2992e-07	0	
2	3	1	1	4	-2.96061e+10	1.0022e-06	0	
2	4	1	1	3	-3.06236e+10	1.0899e-06	0	
2	1	1	1	6	-2.59164e+10	8.2992e-07	0	
2	7	1	1	3	-3.38832e+10	1.3987e-06	0	
2	7	1	1	5	-3.38832e+10	1.3987e-06	0	
2	7	1	1	3	-3.38832e+10	1.3987e-06	0	
2	7	1	1	5	-3.38832e+10	1.3987e-06	0	
2	6	1	1	2	-3.23176e+10	1.2884e-06	0	
2	5	1	1	4	-3.14228e+10	1.1853e-06	0	
2	1	1	1	6	-2.59164e+10	8.2992e-07	0	
2	3	1	1	4	-2.96061e+10	1.0022e-06	0	
2	3	1	1	4	-2.96061e+10	1.0022e-06	0	
2	7	1	1	3	-3.38832e+10	1.3987e-06	0	
2	7	1	1	3	-3.38832e+10	1.3987e-06	0	
2	7	1	1	5	-3.38832e+10	1.3987e-06	0	
2	1	1	1	6	-2.59164e+10	8.2992e-07	0	
2	4	1	1	3	-3.06236e+10	1.0899e-06	0	
2	1	1	1	6	-2.59164e+10	8.2992e-07	0	
2	5	1	1	4	-3.14228e+10	1.1853e-06	0	
2	4	1	1	3	-3.06236e+10	1.0899e-06	0	
2	4	1	1	3	-3.06236e+10	1.0899e-06	0	
2	1	1	1	6	-2.59164e+10	8.2992e-07	0	
2	4	1	1	3	-3.06236e+10	1.0899e-06	0	
2	1	1	1	6	-2.59164e+10	8.2992e-07	0	
2	1	1	1	6	-2.59164e+10	8.2992e-07	0	



#Generation 23 / 30
currentGen	23
evaluateCount	1150
totalTime	470245
firstFrontCount	50
frontCount	1
avgEvalTime	30.6894
#end
Var1	Var2	Var3	Var4	Var5	Obj1	Obj2	Cons1	
2	1	1	1	6	-2.59164e+10	8.2992e-07	0	
2	7	1	1	3	-3.38832e+10	1.3987e-06	0	
2	1	1	1	6	-2.59164e+10	8.2992e-07	0	
2	7	1	1	3	-3.38832e+10	1.3987e-06	0	
2	2	1	1	5	-2.91206e+10	9.2209e-07	0	
2	6	1	1	2	-3.23176e+10	1.2884e-06	0	
2	6	1	1	2	-3.23176e+10	1.2884e-06	0	
2	4	1	1	3	-3.06236e+10	1.0899e-06	0	
2	5	1	1	4	-3.14228e+10	1.1853e-06	0	
2	5	1	1	4	-3.14228e+10	1.1853e-06	0	
2	3	1	1	4	-2.96061e+10	1.0022e-06	0	
2	4	1	1	3	-3.06236e+10	1.0899e-06	0	
2	2	1	1	5	-2.91206e+10	9.2209e-07	0	
2	3	1	1	4	-2.96061e+10	1.0022e-06	0	
2	7	1	1	5	-3.38832e+10	1.3987e-06	0	
2	2	1	1	5	-2.91206e+10	9.2209e-07	0	
2	1	1	1	6	-2.59164e+10	8.2992e-07	0	
2	7	1	1	3	-3.38832e+10	1.3987e-06	0	
2	4	1	1	3	-3.06236e+10	1.0899e-06	0	
2	4	1	1	3	-3.06236e+10	1.0899e-06	0	
2	7	1	1	3	-3.38832e+10	1.3987e-06	0	
2	6	1	1	2	-3.23176e+10	1.2884e-06	0	
2	7	1	1	3	-3.38832e+10	1.3987e-06	0	
2	7	1	1	3	-3.38832e+10	1.3987e-06	0	
2	7	1	1	3	-3.38832e+10	1.3987e-06	0	
2	4	1	1	3	-3.06236e+10	1.0899e-06	0	
2	7	1	1	3	-3.38832e+10	1.3987e-06	0	
2	4	1	1	3	-3.06236e+10	1.0899e-06	0	
2	7	1	1	5	-3.38832e+10	1.3987e-06	0	
2	1	1	1	6	-2.59164e+10	8.2992e-07	0	
2	4	1	1	3	-3.06236e+10	1.0899e-06	0	
2	1	1	1	6	-2.59164e+10	8.2992e-07	0	
2	4	1	1	3	-3.06236e+10	1.0899e-06	0	
2	7	1	1	3	-3.38832e+10	1.3987e-06	0	
2	6	1	1	2	-3.23176e+10	1.2884e-06	0	
2	7	1	1	3	-3.38832e+10	1.3987e-06	0	
2	2	1	1	5	-2.91206e+10	9.2209e-07	0	
2	2	1	1	5	-2.91206e+10	9.2209e-07	0	
2	1	1	1	6	-2.59164e+10	8.2992e-07	0	
2	1	1	1	6	-2.59164e+10	8.2992e-07	0	
2	4	1	1	3	-3.06236e+10	1.0899e-06	0	
2	1	1	1	6	-2.59164e+10	8.2992e-07	0	
2	4	1	1	3	-3.06236e+10	1.0899e-06	0	
2	4	1	1	3	-3.06236e+10	1.0899e-06	0	
2	1	1	1	6	-2.59164e+10	8.2992e-07	0	
2	4	1	1	3	-3.06236e+10	1.0899e-06	0	
2	1	1	1	6	-2.59164e+10	8.2992e-07	0	
2	7	1	1	5	-3.38832e+10	1.3987e-06	0	
2	7	1	1	3	-3.38832e+10	1.3987e-06	0	
2	7	1	1	3	-3.38832e+10	1.3987e-06	0	



#Generation 24 / 30
currentGen	24
evaluateCount	1200
totalTime	472033
firstFrontCount	50
frontCount	1
avgEvalTime	35.7585
#end
Var1	Var2	Var3	Var4	Var5	Obj1	Obj2	Cons1	
2	7	1	1	3	-3.38832e+10	1.3987e-06	0	
2	1	1	1	6	-2.59164e+10	8.2992e-07	0	
2	7	1	1	3	-3.38832e+10	1.3987e-06	0	
2	1	1	1	6	-2.59164e+10	8.2992e-07	0	
2	2	1	1	5	-2.91206e+10	9.2209e-07	0	
2	6	1	1	2	-3.23176e+10	1.2884e-06	0	
2	6	1	1	2	-3.23176e+10	1.2884e-06	0	
2	4	1	1	3	-3.06236e+10	1.0899e-06	0	
2	5	1	1	4	-3.14228e+10	1.1853e-06	0	
2	5	1	1	4	-3.14228e+10	1.1853e-06	0	
2	3	1	1	4	-2.96061e+10	1.0022e-06	0	
2	4	1	1	3	-3.06236e+10	1.0899e-06	0	
2	2	1	1	5	-2.91206e+10	9.2209e-07	0	
2	3	1	1	4	-2.96061e+10	1.0022e-06	0	
2	3	1	1	4	-2.96061e+10	1.0022e-06	0	
2	3	1	1	4	-2.96061e+10	1.0022e-06	0	
2	2	1	1	5	-2.91206e+10	9.2209e-07	0	
2	1	1	1	6	-2.59164e+10	8.2992e-07	0	
2	1	1	1	6	-2.59164e+10	8.2992e-07	0	
2	7	1	1	3	-3.38832e+10	1.3987e-06	0	
2	7	1	1	3	-3.38832e+10	1.3987e-06	0	
2	7	1	1	5	-3.38832e+10	1.3987e-06	0	
2	3	1	1	4	-2.96061e+10	1.0022e-06	0	
2	1	1	1	6	-2.59164e+10	8.2992e-07	0	
2	3	1	1	4	-2.96061e+10	1.0022e-06	0	
2	7	1	1	3	-3.38832e+10	1.3987e-06	0	
2	6	1	1	2	-3.23176e+10	1.2884e-06	0	
2	7	1	1	5	-3.38832e+10	1.3987e-06	0	
2	7	1	1	3	-3.38832e+10	1.3987e-06	0	
2	2	1	1	5	-2.91206e+10	9.2209e-07	0	
2	2	1	1	5	-2.91206e+10	9.2209e-07	0	
2	1	1	1	6	-2.59164e+10	8.2992e-07	0	
2	1	1	1	6	-2.59164e+10	8.2992e-07	0	
2	7	1	1	5	-3.38832e+10	1.3987e-06	0	
2	2	1	1	5	-2.91206e+10	9.2209e-07	0	
2	1	1	1	6	-2.59164e+10	8.2992e-07	0	
2	7	1	1	3	-3.38832e+10	1.3987e-06	0	
2	7	1	1	3	-3.38832e+10	1.3987e-06	0	
2	7	1	1	5	-3.38832e+10	1.3987e-06	0	
2	1	1	1	6	-2.59164e+10	8.2992e-07	0	
2	1	1	1	6	-2.59164e+10	8.2992e-07	0	
2	4	1	1	3	-3.06236e+10	1.0899e-06	0	
2	4	1	1	3	-3.06236e+10	1.0899e-06	0	
2	1	1	1	6	-2.59164e+10	8.2992e-07	0	
2	4	1	1	3	-3.06236e+10	1.0899e-06	0	
2	1	1	1	6	-2.59164e+10	8.2992e-07	0	
2	1	1	1	6	-2.59164e+10	8.2992e-07	0	
2	2	1	1	5	-2.91206e+10	9.2209e-07	0	
2	2	1	1	5	-2.91206e+10	9.2209e-07	0	
2	7	1	1	3	-3.38832e+10	1.3987e-06	0	



#Generation 25 / 30
currentGen	25
evaluateCount	1250
totalTime	473913
firstFrontCount	50
frontCount	1
avgEvalTime	37.5955
#end
Var1	Var2	Var3	Var4	Var5	Obj1	Obj2	Cons1	
2	1	1	1	6	-2.59164e+10	8.2992e-07	0	
2	7	1	1	3	-3.38832e+10	1.3987e-06	0	
2	1	1	1	6	-2.59164e+10	8.2992e-07	0	
2	7	1	1	3	-3.38832e+10	1.3987e-06	0	
2	2	1	1	5	-2.91206e+10	9.2209e-07	0	
2	6	1	1	2	-3.23176e+10	1.2884e-06	0	
2	6	1	1	2	-3.23176e+10	1.2884e-06	0	
2	4	1	1	3	-3.06236e+10	1.0899e-06	0	
2	5	1	1	4	-3.14228e+10	1.1853e-06	0	
2	5	1	1	4	-3.14228e+10	1.1853e-06	0	
2	3	1	1	4	-2.96061e+10	1.0022e-06	0	
2	4	1	1	3	-3.06236e+10	1.0899e-06	0	
2	2	1	1	5	-2.91206e+10	9.2209e-07	0	
2	3	1	1	4	-2.96061e+10	1.0022e-06	0	
2	6	1	1	2	-3.23176e+10	1.2884e-06	0	
2	2	1	1	5	-2.91206e+10	9.2209e-07	0	
2	2	1	1	5	-2.91206e+10	9.2209e-07	0	
2	6	1	1	2	-3.23176e+10	1.2884e-06	0	
2	2	1	1	5	-2.91206e+10	9.2209e-07	0	
2	7	1	1	5	-3.38832e+10	1.3987e-06	0	
2	1	1	1	6	-2.59164e+10	8.2992e-07	0	
2	1	1	1	6	-2.59164e+10	8.2992e-07	0	
2	2	1	1	5	-2.91206e+10	9.2209e-07	0	
2	2	1	1	5	-2.91206e+10	9.2209e-07	0	
2	1	1	1	6	-2.59164e+10	8.2992e-07	0	
2	1	1	1	6	-2.59164e+10	8.2992e-07	0	
2	7	1	1	5	-3.38832e+10	1.3987e-06	0	
2	2	1	1	5	-2.91206e+10	9.2209e-07	0	
2	6	1	1	2	-3.23176e+10	1.2884e-06	0	
2	3	1	1	4	-2.96061e+10	1.0022e-06	0	
2	1	1	1	6	-2.59164e+10	8.2992e-07	0	
2	7	1	1	3	-3.38832e+10	1.3987e-06	0	
2	3	1	1	4	-2.96061e+10	1.0022e-06	0	
2	1	1	1	6	-2.59164e+10	8.2992e-07	0	
2	7	1	1	3	-3.38832e+10	1.3987e-06	0	
2	2	1	1	5	-2.91206e+10	9.2209e-07	0	
2	2	1	1	5	-2.91206e+10	9.2209e-07	0	
2	1	1	1	6	-2.59164e+10	8.2992e-07	0	
2	1	1	1	6	-2.59164e+10	8.2992e-07	0	
2	4	1	1	3	-3.06236e+10	1.0899e-06	0	
2	1	1	1	6	-2.59164e+10	8.2992e-07	0	
2	4	1	1	3	-3.06236e+10	1.0899e-06	0	
2	4	1	1	3	-3.06236e+10	1.0899e-06	0	
2	1	1	1	6	-2.59164e+10	8.2992e-07	0	
2	1	1	1	6	-2.59164e+10	8.2992e-07	0	
2	7	1	1	5	-3.38832e+10	1.3987e-06	0	
2	7	1	1	3	-3.38832e+10	1.3987e-06	0	
2	7	1	1	3	-3.38832e+10	1.3987e-06	0	
2	1	1	1	6	-2.59164e+10	8.2992e-07	0	
2	2	1	1	5	-2.91206e+10	9.2209e-07	0	



#Generation 26 / 30
currentGen	26
evaluateCount	1300
totalTime	475831
firstFrontCount	50
frontCount	1
avgEvalTime	38.3513
#end
Var1	Var2	Var3	Var4	Var5	Obj1	Obj2	Cons1	
2	7	1	1	3	-3.38832e+10	1.3987e-06	0	
2	1	1	1	6	-2.59164e+10	8.2992e-07	0	
2	7	1	1	3	-3.38832e+10	1.3987e-06	0	
2	1	1	1	6	-2.59164e+10	8.2992e-07	0	
2	2	1	1	5	-2.91206e+10	9.2209e-07	0	
2	6	1	1	2	-3.23176e+10	1.2884e-06	0	
2	6	1	1	6	-3.23176e+10	1.2884e-06	0	
2	4	1	1	3	-3.06236e+10	1.0899e-06	0	
2	5	1	1	4	-3.14228e+10	1.1853e-06	0	
2	5	1	1	4	-3.14228e+10	1.1853e-06	0	
2	3	1	1	4	-2.96061e+10	1.0022e-06	0	
2	4	1	1	3	-3.06236e+10	1.0899e-06	0	
2	2	1	1	5	-2.91206e+10	9.2209e-07	0	
2	3	1	1	4	-2.96061e+10	1.0022e-06	0	
2	2	1	1	5	-2.91206e+10	9.2209e-07	0	
2	6	1	1	2	-3.23176e+10	1.2884e-06	0	
2	2	1	1	5	-2.91206e+10	9.2209e-07	0	
2	1	1	1	6	-2.59164e+10	8.2992e-07	0	
2	2	1	1	5	-2.91206e+10	9.2209e-07	0	
2	7	1	1	5	-3.38832e+10	1.3987e-06	0	
2	4	1	1	3	-3.06236e+10	1.0899e-06	0	
2	4	1	1	3	-3.06236e+10	1.0899e-06	0	
2	1	1	1	6	-2.59164e+10	8.2992e-07	0	
2	3	1	1	4	-2.96061e+10	1.0022e-06	0	
2	7	1	1	5	-3.38832e+10	1.3987e-06	0	
2	1	1	1	6	-2.59164e+10	8.2992e-07	0	
2	2	1	1	5	-2.91206e+10	9.2209e-07	0	
2	2	1	1	5	-2.91206e+10	9.2209e-07	0	
2	2	1	1	5	-2.91206e+10	9.2209e-07	0	
2	3	1	1	4	-2.96061e+10	1.0022e-06	0	
2	7	1	1	3	-3.38832e+10	1.3987e-06	0	
2	7	1	1	5	-3.38832e+10	1.3987e-06	0	
2	7	1	1	1	-3.38832e+10	1.3987e-06	0	
2	2	1	1	5	-2.91206e+10	9.2209e-07	0	
2	1	1	1	6	-2.59164e+10	8.2992e-07	0	
2	7	1	1	3	-3.38832e+10	1.3987e-06	0	
2	7	1	1	3	-3.38832e+10	1.3987e-06	0	
2	7	1	1	5	-3.38832e+10	1.3987e-06	0	
2	1	1	1	6	-2.59164e+10	8.2992e-07	0	
2	1	1	1	6	-2.59164e+10	8.2992e-07	0	
2	4	1	1	3	-3.06236e+10	1.0899e-06	0	
2	4	1	1	3	-3.06236e+10	1.0899e-06	0	
2	1	1	1	6	-2.59164e+10	8.2992e-07	0	
2	4	1	1	3	-3.06236e+10	1.0899e-06	0	
2	1	1	1	6	-2.59164e+10	8.2992e-07	0	
2	1	1	1	6	-2.59164e+10	8.2992e-07	0	
2	2	1	1	5	-2.91206e+10	9.2209e-07	0	
2	2	1	1	5	-2.91206e+10	9.2209e-07	0	
2	7	1	1	3	-3.38832e+10	1.3987e-06	0	
2	1	1	1	6	-2.59164e+10	8.2992e-07	0	



#Generation 27 / 30
currentGen	27
evaluateCount	1350
totalTime	477573
firstFrontCount	50
frontCount	1
avgEvalTime	34.837
#end
Var1	Var2	Var3	Var4	Var5	Obj1	Obj2	Cons1	
2	1	1	1	6	-2.59164e+10	8.2992e-07	0	
2	7	1	1	3	-3.38832e+10	1.3987e-06	0	
2	1	1	1	6	-2.59164e+10	8.2992e-07	0	
2	7	1	1	3	-3.38832e+10	1.3987e-06	0	
2	2	1	1	5	-2.91206e+10	9.2209e-07	0	
2	6	1	1	2	-3.23176e+10	1.2884e-06	0	
2	6	1	1	6	-3.23176e+10	1.2884e-06	0	
2	4	1	1	3	-3.06236e+10	1.0899e-06	0	
2	5	1	1	4	-3.14228e+10	1.1853e-06	0	
2	5	1	1	4	-3.14228e+10	1.1853e-06	0	
2	3	1	1	4	-2.96061e+10	1.0022e-06	0	
2	4	1	1	3	-3.06236e+10	1.0899e-06	0	
2	2	1	1	5	-2.91206e+10	9.2209e-07	0	
2	3	1	1	4	-2.96061e+10	1.0022e-06	0	
2	1	1	1	6	-2.59164e+10	8.2992e-07	0	
2	7	1	1	5	-3.38832e+10	1.3987e-06	0	
2	1	1	1	6	-2.59164e+10	8.2992e-07	0	
2	2	1	1	5	-2.91206e+10	9.2209e-07	0	
2	7	1	1	3	-3.38832e+10	1.3987e-06	0	
2	1	1	1	6	-2.59164e+10	8.2992e-07	0	
2	4	1	1	3	-3.06236e+10	1.0899e-06	0	
2	7	1	1	3	-3.38832e+10	1.3987e-06	0	
2	1	1	1	6	-2.59164e+10	8.2992e-07	0	
2	7	1	1	3	-3.38832e+10	1.3987e-06	0	
2	1	1	1	6	-2.59164e+10	8.2992e-07	0	
2	3	1	1	4	-2.96061e+10	1.0022e-06	0	
2	3	1	1	4	-2.96061e+10	1.0022e-06	0	
2	2	1	1	5	-2.91206e+10	9.2209e-07	0	
2	7	1	1	3	-3.38832e+10	1.3987e-06	0	
2	7	1	1	3	-3.38832e+10	1.3987e-06	0	
2	7	1	1	3	-3.38832e+10	1.3987e-06	0	
2	2	1	1	5	-2.91206e+10	9.2209e-07	0	
2	2	1	1	5	-2.91206e+10	9.2209e-07	0	
2	2	1	1	5	-2.91206e+10	9.2209e-07	0	
2	4	1	1	3	-3.06236e+10	1.0899e-06	0	
2	6	1	1	2	-3.23176e+10	1.2884e-06	0	
2	1	1	1	6	-2.59164e+10	8.2992e-07	0	
2	1	1	1	6	-2.59164e+10	8.2992e-07	0	
2	1	1	1	6	-2.59164e+10	8.2992e-07	0	
2	1	1	1	6	-2.59164e+10	8.2992e-07	0	
2	7	1	1	3	-3.38832e+10	1.3987e-06	0	
2	2	1	1	5	-2.91206e+10	9.2209e-07	0	
2	2	1	1	5	-2.91206e+10	9.2209e-07	0	
2	1	1	1	6	-2.59164e+10	8.2992e-07	0	
2	1	1	1	6	-2.59164e+10	8.2992e-07	0	
2	4	1	1	3	-3.06236e+10	1.0899e-06	0	
2	1	1	1	6	-2.59164e+10	8.2992e-07	0	
2	4	1	1	3	-3.06236e+10	1.0899e-06	0	
2	4	1	1	3	-3.06236e+10	1.0899e-06	0	
2	1	1	1	6	-2.59164e+10	8.2992e-07	0	



#Generation 28 / 30
currentGen	28
evaluateCount	1400
totalTime	479383
firstFrontCount	50
frontCount	1
avgEvalTime	36.2119
#end
Var1	Var2	Var3	Var4	Var5	Obj1	Obj2	Cons1	
2	1	1	1	6	-2.59164e+10	8.2992e-07	0	
2	7	1	1	5	-3.38832e+10	1.3987e-06	0	
2	7	1	1	3	-3.38832e+10	1.3987e-06	0	
2	1	1	1	6	-2.59164e+10	8.2992e-07	0	
2	2	1	1	5	-2.91206e+10	9.2209e-07	0	
2	6	1	1	2	-3.23176e+10	1.2884e-06	0	
2	6	1	1	2	-3.23176e+10	1.2884e-06	0	
2	4	1	1	3	-3.06236e+10	1.0899e-06	0	
2	5	1	1	4	-3.14228e+10	1.1853e-06	0	
2	5	1	1	4	-3.14228e+10	1.1853e-06	0	
2	3	1	1	4	-2.96061e+10	1.0022e-06	0	
2	4	1	1	3	-3.06236e+10	1.0899e-06	0	
2	2	1	1	5	-2.91206e+10	9.2209e-07	0	
2	3	1	1	4	-2.96061e+10	1.0022e-06	0	
2	1	1	1	6	-2.59164e+10	8.2992e-07	0	
2	1	1	1	6	-2.59164e+10	8.2992e-07	0	
2	4	1	1	3	-3.06236e+10	1.0899e-06	0	
2	4	1	1	3	-3.06236e+10	1.0899e-06	0	
2	1	1	1	6	-2.59164e+10	8.2992e-07	0	
2	1	1	1	6	-2.59164e+10	8.2992e-07	0	
2	4	1	1	3	-3.06236e+10	1.0899e-06	0	
2	7	1	1	5	-3.38832e+10	1.3987e-06	0	
2	3	1	1	4	-2.96061e+10	1.0022e-06	0	
2	3	1	1	4	-2.96061e+10	1.0022e-06	0	
2	1	1	1	6	-2.59164e+10	8.2992e-07	0	
2	1	1	1	6	-2.59164e+10	8.2992e-07	0	
2	1	1	1	6	-2.59164e+10	8.2992e-07	0	
2	3	1	1	4	-2.96061e+10	1.0022e-06	0	
2	1	1	1	6	-2.59164e+10	8.2992e-07	0	
2	4	1	1	3	-3.06236e+10	1.0899e-06	0	
2	7	1	1	3	-3.38832e+10	1.3987e-06	0	
2	2	1	1	5	-2.91206e+10	9.2209e-07	0	
2	1	1	1	6	-2.59164e+10	8.2992e-07	0	
2	6	1	1	2	-3.23176e+10	1.2884e-06	0	
2	2	1	1	5	-2.91206e+10	9.2209e-07	0	
2	4	1	1	3	-3.06236e+10	1.0899e-06	0	
2	7	1	1	5	-3.38832e+10	1.3987e-06	0	
2	1	1	1	6	-2.59164e+10	8.2992e-07	0	
2	7	1	1	3	-3.38832e+10	1.3987e-06	0	
2	1	1	1	6	-2.59164e+10	8.2992e-07	0	
2	7	1	1	3	-3.38832e+10	1.3987e-06	0	
2	4	1	1	3	-3.06236e+10	1.0899e-06	0	
2	4	1	1	3	-3.06236e+10	1.0899e-06	0	
2	1	1	1	6	-2.59164e+10	8.2992e-07	0	
2	4	1	1	3	-3.06236e+10	1.0899e-06	0	
2	4	1	1	3	-3.06236e+10	1.0899e-06	0	
2	1	1	1	6	-2.59164e+10	8.2992e-07	0	
2	4	1	1	3	-3.06236e+10	1.0899e-06	0	
2	1	1	1	6	-2.59164e+10	8.2992e-07	0	
2	1	1	1	6	-2.59164e+10	8.2992e-07	0	



#Generation 29 / 30
currentGen	29
evaluateCount	1450
totalTime	481023
firstFrontCount	50
frontCount	1
avgEvalTime	32.7963
#end
Var1	Var2	Var3	Var4	Var5	Obj1	Obj2	Cons1	
2	1	1	1	6	-2.59164e+10	8.2992e-07	0	
2	7	1	1	3	-3.38832e+10	1.3987e-06	0	
2	7	1	1	5	-3.38832e+10	1.3987e-06	0	
2	1	1	1	6	-2.59164e+10	8.2992e-07	0	
2	2	1	1	5	-2.91206e+10	9.2209e-07	0	
2	6	1	1	2	-3.23176e+10	1.2884e-06	0	
2	6	1	1	2	-3.23176e+10	1.2884e-06	0	
2	4	1	1	3	-3.06236e+10	1.0899e-06	0	
2	5	1	1	4	-3.14228e+10	1.1853e-06	0	
2	5	1	1	4	-3.14228e+10	1.1853e-06	0	
2	3	1	1	4	-2.96061e+10	1.0022e-06	0	
2	4	1	1	3	-3.06236e+10	1.0899e-06	0	
2	2	1	1	5	-2.91206e+10	9.2209e-07	0	
2	3	1	1	4	-2.96061e+10	1.0022e-06	0	
2	6	1	1	2	-3.23176e+10	1.2884e-06	0	
2	6	1	1	6	-3.23176e+10	1.2884e-06	0	
2	1	1	1	6	-2.59164e+10	8.2992e-07	0	
2	3	1	1	4	-2.96061e+10	1.0022e-06	0	
2	2	1	1	5	-2.91206e+10	9.2209e-07	0	
2	4	1	1	3	-3.06236e+10	1.0899e-06	0	
2	1	1	1	6	-2.59164e+10	8.2992e-07	0	
2	2	1	1	5	-2.91206e+10	9.2209e-07	0	
2	6	1	1	2	-3.23176e+10	1.2884e-06	0	
2	4	1	1	3	-3.06236e+10	1.0899e-06	0	
2	1	1	1	6	-2.59164e+10	8.2992e-07	0	
2	2	1	1	5	-2.91206e+10	9.2209e-07	0	
2	1	1	1	6	-2.59164e+10	8.2992e-07	0	
2	6	1	1	6	-3.23176e+10	1.2884e-06	0	
2	7	1	1	5	-3.38832e+10	1.3987e-06	0	
2	6	1	1	2	-3.23176e+10	1.2884e-06	0	
2	7	1	1	3	-3.38832e+10	1.3987e-06	0	
2	4	1	1	3	-3.06236e+10	1.0899e-06	0	
2	1	1	1	6	-2.59164e+10	8.2992e-07	0	
2	4	1	1	3	-3.06236e+10	1.0899e-06	0	
2	6	1	1	2	-3.23176e+10	1.2884e-06	0	
2	5	1	1	4	-3.14228e+10	1.1853e-06	0	
2	6	1	1	2	-3.23176e+10	1.2884e-06	0	
2	1	1	1	6	-2.59164e+10	8.2992e-07	0	
2	1	1	1	6	-2.59164e+10	8.2992e-07	0	
2	1	1	1	6	-2.59164e+10	8.2992e-07	0	
2	4	1	1	3	-3.06236e+10	1.0899e-06	0	
2	7	1	1	3	-3.38832e+10	1.3987e-06	0	
2	1	1	1	6	-2.59164e+10	8.2992e-07	0	
2	1	1	1	6	-2.59164e+10	8.2992e-07	0	
2	4	1	1	3	-3.06236e+10	1.0899e-06	0	
2	1	1	1	6	-2.59164e+10	8.2992e-07	0	
2	4	1	1	3	-3.06236e+10	1.0899e-06	0	
2	4	1	1	3	-3.06236e+10	1.0899e-06	0	
2	1	1	1	6	-2.59164e+10	8.2992e-07	0	
2	4	1	1	3	-3.06236e+10	1.0899e-06	0	



#Generation 30 / 30
currentGen	30
evaluateCount	1500
totalTime	482716
firstFrontCount	50
frontCount	1
avgEvalTime	33.8529
#end
Var1	Var2	Var3	Var4	Var5	Obj1	Obj2	Cons1	
2	7	1	1	3	-3.38832e+10	1.3987e-06	0	
2	1	1	1	6	-2.59164e+10	8.2992e-07	0	
2	7	1	1	3	-3.38832e+10	1.3987e-06	0	
2	1	1	1	6	-2.59164e+10	8.2992e-07	0	
2	2	1	1	5	-2.91206e+10	9.2209e-07	0	
2	6	1	1	2	-3.23176e+10	1.2884e-06	0	
2	6	1	1	2	-3.23176e+10	1.2884e-06	0	
2	4	1	1	3	-3.06236e+10	1.0899e-06	0	
2	5	1	1	4	-3.14228e+10	1.1853e-06	0	
2	5	1	1	4	-3.14228e+10	1.1853e-06	0	
2	3	1	1	4	-2.96061e+10	1.0022e-06	0	
2	4	1	1	3	-3.06236e+10	1.0899e-06	0	
2	2	1	1	5	-2.91206e+10	9.2209e-07	0	
2	3	1	1	4	-2.96061e+10	1.0022e-06	0	
2	4	1	1	3	-3.06236e+10	1.0899e-06	0	
2	5	1	1	4	-3.14228e+10	1.1853e-06	0	
2	4	1	1	3	-3.06236e+10	1.0899e-06	0	
2	7	1	1	3	-3.38832e+10	1.3987e-06	0	
2	6	1	1	2	-3.23176e+10	1.2884e-06	0	
2	1	1	1	6	-2.59164e+10	8.2992e-07	0	
2	1	1	1	6	-2.59164e+10	8.2992e-07	0	
2	5	1	1	4	-3.14228e+10	1.1853e-06	0	
2	5	1	1	4	-3.14228e+10	1.1853e-06	0	
2	1	1	1	6	-2.59164e+10	8.2992e-07	0	
2	1	1	1	6	-2.59164e+10	8.2992e-07	0	
2	5	1	1	4	-3.14228e+10	1.1853e-06	0	
2	3	1	1	4	-2.96061e+10	1.0022e-06	0	
2	3	1	1	4	-2.96061e+10	1.0022e-06	0	
2	2	1	1	5	-2.91206e+10	9.2209e-07	0	
2	4	1	1	3	-3.06236e+10	1.0899e-06	0	
2	4	1	1	3	-3.06236e+10	1.0899e-06	0	
2	3	1	1	4	-2.96061e+10	1.0022e-06	0	
2	1	1	1	6	-2.59164e+10	8.2992e-07	0	
2	6	1	1	2	-3.23176e+10	1.2884e-06	0	
2	1	1	1	6	-2.59164e+10	8.2992e-07	0	
2	4	1	1	3	-3.06236e+10	1.0899e-06	0	
2	1	1	1	6	-2.59164e+10	8.2992e-07	0	
2	4	1	1	3	-3.06236e+10	1.0899e-06	0	
2	1	1	1	6	-2.59164e+10	8.2992e-07	0	
2	4	1	1	3	-3.06236e+10	1.0899e-06	0	
2	4	1	1	3	-3.06236e+10	1.0899e-06	0	
2	1	1	1	6	-2.59164e+10	8.2992e-07	0	
2	4	1	1	3	-3.06236e+10	1.0899e-06	0	
2	1	1	1	6	-2.59164e+10	8.2992e-07	0	
2	1	1	1	6	-2.59164e+10	8.2992e-07	0	
2	7	1	1	3	-3.38832e+10	1.3987e-06	0	
2	4	1	1	3	-3.06236e+10	1.0899e-06	0	
2	1	1	1	6	-2.59164e+10	8.2992e-07	0	
2	1	1	1	6	-2.59164e+10	8.2992e-07	0	
2	1	1	1	6	-2.59164e+10	8.2992e-07	0	



