700 
500 
500 
600 
600 
600 
600 
500 
500 
600 
600 
500 
500 
600 
400 
600 
600 
500 
500 
600 
600 
600 
500 
600 
600 
600 
600 
700 
400 
400 
500 
500 
500 
400 
300 
300 
500 
400 
600 
500 
600 
400 
600 
600 
600 
100 
200 
200 
300 
200 
500 
500 
500 
400 
400 
400 
300 
300 
700 
400 
200 
300 
300 
200 
200 
100 
300 
200 
200 
400 
200 
300 
500 
300 
200 
300 
300 
400 
100 
200 
100 
400 
100 
200 
100 
300 
200 
200 
300 
200 
600 
300 
200 
200 
200 
100 
100 
100 
100 
300 
100 
200 
100 
300 
500 
200 
100 
300 
300 
300 
100 
200 
-6807551668.92
100 
100 
200 
100 
100 
200 
200 
500 
-6879628548.56
100 
100 
400 
100 
100 
200 
200 
100 
100 
200 
100 
300 
200 
-6900445732.15
200 
-6766036072.64
100 
200 
400 
200 
100 
100 
100 
200 
100 
-6904594126.71
100 
100 
100 
100 
100 
-6865778415.08
100 
300 
100 
300 
200 
100 
-6859794581.79
100 
100 
100 
100 
300 
300 
100 
200 
100 
100 
-6888607237.71
-6860733134.46
-6904734389.1
100 
-6879897200.81
-6874531418.44
-6882112903.84
-6870013595.37
100 
-6870610999.25
-6919701038.76
-6860837651.69
-6886366291.99
-6886403146.51
